DATE,EVENT,BOUT,FIGHTER,odds
2024-10-26,UFC 308: Topuria vs. Holloway,Abus Magomedov vs. Brunno Ferreira,Abus Magomedov,113
2024-10-26,UFC 308: Topuria vs. Holloway,Abus Magomedov vs. Brunno Ferreira,Brunno Ferreira,-113
2024-12-14,UFC Fight Night: Covington vs. Buckley,Adrian Yanez vs. Daniel Marcos,Adrian Yanez,-109
2024-12-14,UFC Fight Night: Covington vs. Buckley,Adrian Yanez vs. Daniel Marcos,Daniel Marcos,109
2024-11-02,UFC Fight Night: Moreno vs. Albazi,Aiemann Zahabi vs. Pedro Munhoz,Aiemann Zahabi,-177
2024-11-02,UFC Fight Night: Moreno vs. Albazi,Aiemann Zahabi vs. Pedro Munhoz,Pedro Munhoz,177
2025-03-08,UFC 313: Pereira vs. Ankalaev,Alex Morono vs. Carlos Leal,Alex Morono,124
2025-03-08,UFC 313: Pereira vs. Ankalaev,Alex Morono vs. Carlos Leal,Carlos Leal,-124
2024-10-05,UFC 307: Pereira vs. Rountree Jr.,Alex Pereira vs. Khalil Rountree Jr.,Alex Pereira,-282
2024-10-05,UFC 307: Pereira vs. Rountree Jr.,Alex Pereira vs. Khalil Rountree Jr.,Khalil Rountree Jr.,282
2025-03-08,UFC 313: Pereira vs. Ankalaev,Alex Pereira vs. Magomed Ankalaev,Alex Pereira,128
2025-03-08,UFC 313: Pereira vs. Ankalaev,Alex Pereira vs. Magomed Ankalaev,Magomed Ankalaev,-128
2025-09-13,UFC Fight Night: Lopes vs. Silva,Alexander Hernandez vs. Diego Ferreira,Alexander Hernandez,-131
2025-09-13,UFC Fight Night: Lopes vs. Silva,Alexander Hernandez vs. Diego Ferreira,Diego Ferreira,131
2025-03-15,UFC Fight Night: Vettori vs. Dolidze 2,Alexander Hernandez vs. Kurt Holobaugh,Alexander Hernandez,-195
2025-03-15,UFC Fight Night: Vettori vs. Dolidze 2,Alexander Hernandez vs. Kurt Holobaugh,Kurt Holobaugh,195
2025-04-12,UFC 314: Volkanovski vs. Lopes,Alexander Volkanovski vs. Diego Lopes,Alexander Volkanovski,-143
2025-04-12,UFC 314: Volkanovski vs. Lopes,Alexander Volkanovski vs. Diego Lopes,Diego Lopes,143
2024-11-02,UFC Fight Night: Moreno vs. Albazi,Alexandr Romanov vs. Rodrigo Nascimento,Alexandr Romanov,-158
2024-11-02,UFC Fight Night: Moreno vs. Albazi,Alexandr Romanov vs. Rodrigo Nascimento,Rodrigo Nascimento,158
2025-06-28,UFC 317: Topuria vs. Oliveira,Alexandre Pantoja vs. Kai Kara-France,Alexandre Pantoja,-111
2025-06-28,UFC 317: Topuria vs. Oliveira,Alexandre Pantoja vs. Kai Kara-France,Kai Kara-France,111
2025-06-14,UFC Fight Night: Usman vs. Buckley,Alonzo Menifield vs. Oumar Sy,Alonzo Menifield,334
2025-06-14,UFC Fight Night: Usman vs. Buckley,Alonzo Menifield vs. Oumar Sy,Oumar Sy,-334
2025-08-09,UFC Fight Night: Dolidze vs. Hernandez,Andre Fili vs. Christian Rodriguez,Andre Fili,332
2025-08-09,UFC Fight Night: Dolidze vs. Hernandez,Andre Fili vs. Christian Rodriguez,Christian Rodriguez,-332
2025-02-22,UFC Fight Night: Cejudo vs. Song,Andre Fili vs. Melquizael Costa,Andre Fili,210
2025-02-22,UFC Fight Night: Cejudo vs. Song,Andre Fili vs. Melquizael Costa,Melquizael Costa,-210
2025-09-06,UFC Fight Night: Imavov vs. Borralho,Andreas Gustafsson vs. Rinat Fakhretdinov,Andreas Gustafsson,144
2025-09-06,UFC Fight Night: Imavov vs. Borralho,Andreas Gustafsson vs. Rinat Fakhretdinov,Rinat Fakhretdinov,-144
2024-10-19,UFC Fight Night: Hernandez vs. Pereira,Anthony Hernandez vs. Michel Pereira,Anthony Hernandez,-113
2024-10-19,UFC Fight Night: Hernandez vs. Pereira,Anthony Hernandez vs. Michel Pereira,Michel Pereira,113
2025-04-26,UFC Fight Night: Machado Garry vs. Prates,Anthony Smith vs. Zhang Mingyang,Anthony Smith,197
2025-04-26,UFC Fight Night: Machado Garry vs. Prates,Anthony Smith vs. Zhang Mingyang,Zhang Mingyang,-197
2025-07-26,UFC Fight Night: Whittaker vs. De Ridder,Asu Almabayev vs. Jose Ochoa,Asu Almabayev,-123
2025-07-26,UFC Fight Night: Whittaker vs. De Ridder,Asu Almabayev vs. Jose Ochoa,Jose Ochoa,123
2025-07-19,UFC 318: Holloway vs. Poirier 3,Ateba Gautier vs. Robert Valentin,Ateba Gautier,-221
2025-07-19,UFC 318: Holloway vs. Poirier 3,Ateba Gautier vs. Robert Valentin,Robert Valentin,221
2024-10-19,UFC Fight Night: Hernandez vs. Pereira,Austen Lane vs. Robelis Despaigne,Austen Lane,142
2024-10-19,UFC Fight Night: Hernandez vs. Pereira,Austen Lane vs. Robelis Despaigne,Robelis Despaigne,-142
2024-10-05,UFC 307: Pereira vs. Rountree Jr.,Austin Hubbard vs. Alexander Hernandez,Austin Hubbard,119
2024-10-05,UFC 307: Pereira vs. Rountree Jr.,Austin Hubbard vs. Alexander Hernandez,Alexander Hernandez,-119
2025-06-07,UFC 316: Dvalishvili vs. O'Malley 2,Azamat Murzakanov vs. Brendson Ribeiro,Azamat Murzakanov,-104
2025-06-07,UFC 316: Dvalishvili vs. O'Malley 2,Azamat Murzakanov vs. Brendson Ribeiro,Brendson Ribeiro,104
2024-11-16,UFC 309: Jones vs. Miocic,Bassil Hafez vs. Oban Elliott,Bassil Hafez,247
2024-11-16,UFC 309: Jones vs. Miocic,Bassil Hafez vs. Oban Elliott,Oban Elliott,-247
2025-05-10,UFC 315: Muhammad vs. Della Maddalena,Belal Muhammad vs. Jack Della Maddalena,Belal Muhammad,136
2025-05-10,UFC 315: Muhammad vs. Della Maddalena,Belal Muhammad vs. Jack Della Maddalena,Jack Della Maddalena,-136
2025-06-28,UFC 317: Topuria vs. Oliveira,Beneil Dariush vs. Renato Moicano,Beneil Dariush,-116
2025-06-28,UFC 317: Topuria vs. Oliveira,Beneil Dariush vs. Renato Moicano,Renato Moicano,116
2025-05-10,UFC 315: Muhammad vs. Della Maddalena,Benoit Saint Denis vs. Kyle Prepolec,Benoit Saint Denis,-372
2025-05-10,UFC 315: Muhammad vs. Della Maddalena,Benoit Saint Denis vs. Kyle Prepolec,Kyle Prepolec,372
2025-09-06,UFC Fight Night: Imavov vs. Borralho,Benoit Saint Denis vs. Mauricio Ruffy,Benoit Saint Denis,-120
2025-09-06,UFC Fight Night: Imavov vs. Borralho,Benoit Saint Denis vs. Mauricio Ruffy,Mauricio Ruffy,120
2025-05-31,UFC Fight Night: Blanchfield vs. Barber,Billy Ray Goff vs. Ramiz Brahimaj,Billy Ray Goff,-233
2025-05-31,UFC Fight Night: Blanchfield vs. Barber,Billy Ray Goff vs. Ramiz Brahimaj,Ramiz Brahimaj,233
2024-11-16,UFC 309: Jones vs. Miocic,Bo Nickal vs. Paul Craig,Bo Nickal,-389
2024-11-16,UFC 309: Jones vs. Miocic,Bo Nickal vs. Paul Craig,Paul Craig,389
2024-09-28,UFC Fight Night: Moicano vs. Saint Denis,Bolaji Oki vs. Chris Duncan,Bolaji Oki,-134
2024-09-28,UFC Fight Night: Moicano vs. Saint Denis,Bolaji Oki vs. Chris Duncan,Chris Duncan,134
2025-09-06,UFC Fight Night: Imavov vs. Borralho,Bolaji Oki vs. Mason Jones,Bolaji Oki,-156
2025-09-06,UFC Fight Night: Imavov vs. Borralho,Bolaji Oki vs. Mason Jones,Mason Jones,156
2025-05-10,UFC 315: Muhammad vs. Della Maddalena,Brad Katona vs. Bekzat Almakhan,Brad Katona,-130
2025-05-10,UFC 315: Muhammad vs. Della Maddalena,Brad Katona vs. Bekzat Almakhan,Bekzat Almakhan,130
2024-10-19,UFC Fight Night: Hernandez vs. Pereira,Brad Katona vs. Jean Matsumoto,Brad Katona,265
2024-10-19,UFC Fight Night: Hernandez vs. Pereira,Brad Katona vs. Jean Matsumoto,Jean Matsumoto,-265
2025-04-05,UFC Fight Night: Emmett vs. Murphy,Brad Tavares vs. Gerald Meerschaert,Brad Tavares,157
2025-04-05,UFC Fight Night: Emmett vs. Murphy,Brad Tavares vs. Gerald Meerschaert,Gerald Meerschaert,-157
2024-10-12,UFC Fight Night: Royval vs. Taira,Brad Tavares vs. JunYong Park,Brad Tavares,349
2024-10-12,UFC Fight Night: Royval vs. Taira,Brad Tavares vs. JunYong Park,JunYong Park,-349
2025-09-06,UFC Fight Night: Imavov vs. Borralho,Brad Tavares vs. Robert Bryczek,Brad Tavares,114
2025-09-06,UFC Fight Night: Imavov vs. Borralho,Brad Tavares vs. Robert Bryczek,Robert Bryczek,-114
2024-11-02,UFC Fight Night: Moreno vs. Albazi,Brandon Moreno vs. Amir Albazi,Brandon Moreno,-157
2024-11-02,UFC Fight Night: Moreno vs. Albazi,Brandon Moreno vs. Amir Albazi,Amir Albazi,157
2025-03-29,UFC Fight Night: Moreno vs. Erceg,Brandon Moreno vs. Steve Erceg,Brandon Moreno,-244
2025-03-29,UFC Fight Night: Moreno vs. Erceg,Brandon Moreno vs. Steve Erceg,Steve Erceg,244
2025-06-28,UFC 317: Topuria vs. Oliveira,Brandon Royval vs. Joshua Van,Brandon Royval,205
2025-06-28,UFC 317: Topuria vs. Oliveira,Brandon Royval vs. Joshua Van,Joshua Van,-205
2024-10-12,UFC Fight Night: Royval vs. Taira,Brandon Royval vs. Tatsuro Taira,Brandon Royval,215
2024-10-12,UFC Fight Night: Royval vs. Taira,Brandon Royval vs. Tatsuro Taira,Tatsuro Taira,-215
2025-02-22,UFC Fight Night: Cejudo vs. Song,Brendan Allen vs. Anthony Hernandez,Brendan Allen,139
2025-02-22,UFC Fight Night: Cejudo vs. Song,Brendan Allen vs. Anthony Hernandez,Anthony Hernandez,-139
2025-03-08,UFC 313: Pereira vs. Ankalaev,Brunno Ferreira vs. Armen Petrosyan,Brunno Ferreira,-124
2025-03-08,UFC 313: Pereira vs. Ankalaev,Brunno Ferreira vs. Armen Petrosyan,Armen Petrosyan,124
2025-06-07,UFC 316: Dvalishvili vs. O'Malley 2,Bruno Silva vs. Joshua Van,Bruno Silva,640
2025-06-07,UFC 316: Dvalishvili vs. O'Malley 2,Bruno Silva vs. Joshua Van,Joshua Van,-640
2025-04-12,UFC 314: Volkanovski vs. Lopes,Bryce Mitchell vs. Jean Silva,Bryce Mitchell,151
2025-04-12,UFC 314: Volkanovski vs. Lopes,Bryce Mitchell vs. Jean Silva,Jean Silva,-151
2024-12-07,UFC 310: Pantoja vs. Asakura,Bryce Mitchell vs. Kron Gracie,Bryce Mitchell,-278
2024-12-07,UFC 310: Pantoja vs. Asakura,Bryce Mitchell vs. Kron Gracie,Kron Gracie,278
2025-07-26,UFC Fight Night: Whittaker vs. De Ridder,Bryce Mitchell vs. Said Nurmagomedov,Bryce Mitchell,-121
2025-07-26,UFC Fight Night: Whittaker vs. De Ridder,Bryce Mitchell vs. Said Nurmagomedov,Said Nurmagomedov,121
2024-11-02,UFC Fight Night: Moreno vs. Albazi,Caio Machado vs. Brendson Ribeiro,Caio Machado,-137
2024-11-02,UFC Fight Night: Moreno vs. Albazi,Caio Machado vs. Brendson Ribeiro,Brendson Ribeiro,137
2025-07-12,UFC Fight Night: Lewis vs. Teixeira,Calvin Kattar vs. Steve Garcia,Calvin Kattar,275
2025-07-12,UFC Fight Night: Lewis vs. Teixeira,Calvin Kattar vs. Steve Garcia,Steve Garcia,-275
2025-02-15,UFC Fight Night: Cannonier vs. Rodrigues,Calvin Kattar vs. Youssef Zalal,Calvin Kattar,351
2025-02-15,UFC Fight Night: Cannonier vs. Rodrigues,Calvin Kattar vs. Youssef Zalal,Youssef Zalal,-351
2025-05-03,UFC Fight Night: Sandhagen vs. Figueiredo,Cameron Smotherman vs. Serhiy Sidey,Cameron Smotherman,-134
2025-05-03,UFC Fight Night: Sandhagen vs. Figueiredo,Cameron Smotherman vs. Serhiy Sidey,Serhiy Sidey,134
2025-01-11,UFC Fight Night: Dern vs. Ribas 2,Cesar Almeida vs. Abdul Razak Alhassan,Cesar Almeida,-217
2025-01-11,UFC Fight Night: Dern vs. Ribas 2,Cesar Almeida vs. Abdul Razak Alhassan,Abdul Razak Alhassan,217
2024-10-05,UFC 307: Pereira vs. Rountree Jr.,Cesar Almeida vs. Ihor Potieria,Cesar Almeida,122
2024-10-05,UFC 307: Pereira vs. Rountree Jr.,Cesar Almeida vs. Ihor Potieria,Ihor Potieria,-122
2024-11-02,UFC Fight Night: Moreno vs. Albazi,Chad Anheliger vs. Cody Gibson,Chad Anheliger,142
2024-11-02,UFC Fight Night: Moreno vs. Albazi,Chad Anheliger vs. Cody Gibson,Cody Gibson,-142
2025-08-23,UFC Fight Night: Walker vs. Zhang,Charles Johnson vs. Lone'er Kavanagh,Charles Johnson,147
2025-08-23,UFC Fight Night: Walker vs. Zhang,Charles Johnson vs. Lone'er Kavanagh,Lone'er Kavanagh,-147
2025-03-01,UFC Fight Night: Kape vs. Almabayev,Charles Johnson vs. Ramazan Temirov,Charles Johnson,-107
2025-03-01,UFC Fight Night: Kape vs. Almabayev,Charles Johnson vs. Ramazan Temirov,Ramazan Temirov,107
2024-10-19,UFC Fight Night: Hernandez vs. Pereira,Charles Johnson vs. Sumudaerji,Charles Johnson,-123
2024-10-19,UFC Fight Night: Hernandez vs. Pereira,Charles Johnson vs. Sumudaerji,Sumudaerji,123
2024-11-02,UFC Fight Night: Moreno vs. Albazi,Charles Jourdain vs. Victor Henry,Charles Jourdain,-128
2024-11-02,UFC Fight Night: Moreno vs. Albazi,Charles Jourdain vs. Victor Henry,Victor Henry,128
2024-11-16,UFC 309: Jones vs. Miocic,Charles Oliveira vs. Michael Chandler,Charles Oliveira,-254
2024-11-16,UFC 309: Jones vs. Miocic,Charles Oliveira vs. Michael Chandler,Michael Chandler,254
2025-08-16,UFC 319: Du Plessis vs. Chimaev,Chase Hooper vs. Alexander Hernandez,Chase Hooper,-259
2025-08-16,UFC 319: Du Plessis vs. Chimaev,Chase Hooper vs. Alexander Hernandez,Alexander Hernandez,259
2025-03-15,UFC Fight Night: Vettori vs. Dolidze 2,Chidi Njokuani vs. Elizeu Zaleski dos Santos,Chidi Njokuani,107
2025-03-15,UFC Fight Night: Vettori vs. Dolidze 2,Chidi Njokuani vs. Elizeu Zaleski dos Santos,Elizeu Zaleski dos Santos,-107
2024-10-12,UFC Fight Night: Royval vs. Taira,Chidi Njokuani vs. Jared Gooden,Chidi Njokuani,-123
2024-10-12,UFC Fight Night: Royval vs. Taira,Chidi Njokuani vs. Jared Gooden,Jared Gooden,123
2025-01-11,UFC Fight Night: Dern vs. Ribas 2,Chris Curtis vs. Roman Kopylov,Chris Curtis,160
2025-01-11,UFC Fight Night: Dern vs. Ribas 2,Chris Curtis vs. Roman Kopylov,Roman Kopylov,-160
2025-04-26,UFC Fight Night: Machado Garry vs. Prates,Chris Gutierrez vs. John Castaneda,Chris Gutierrez,-238
2025-04-26,UFC Fight Night: Machado Garry vs. Prates,Chris Gutierrez vs. John Castaneda,John Castaneda,238
2025-03-29,UFC Fight Night: Moreno vs. Erceg,Christian Rodriguez vs. Melquizael Costa,Christian Rodriguez,-115
2025-03-29,UFC Fight Night: Moreno vs. Erceg,Christian Rodriguez vs. Melquizael Costa,Melquizael Costa,115
2024-12-07,UFC 310: Pantoja vs. Asakura,Ciryl Gane vs. Alexander Volkov,Ciryl Gane,-130
2024-12-07,UFC 310: Pantoja vs. Asakura,Ciryl Gane vs. Alexander Volkov,Alexander Volkov,130
2025-09-13,UFC Fight Night: Lopes vs. Silva,Claudio Puelles vs. Joaquim Silva,Claudio Puelles,-196
2025-09-13,UFC Fight Night: Lopes vs. Silva,Claudio Puelles vs. Joaquim Silva,Joaquim Silva,196
2024-12-07,UFC 310: Pantoja vs. Asakura,Clay Guida vs. Chase Hooper,Clay Guida,543
2024-12-07,UFC 310: Pantoja vs. Asakura,Clay Guida vs. Chase Hooper,Chase Hooper,-543
2025-08-09,UFC Fight Night: Dolidze vs. Hernandez,Cody Brundage vs. Eric McConico,Cody Brundage,-174
2025-08-09,UFC Fight Night: Dolidze vs. Hernandez,Cody Brundage vs. Eric McConico,Eric McConico,174
2025-03-01,UFC Fight Night: Kape vs. Almabayev,Cody Brundage vs. Julian Marquez,Cody Brundage,-139
2025-03-01,UFC Fight Night: Kape vs. Almabayev,Cody Brundage vs. Julian Marquez,Julian Marquez,139
2025-06-14,UFC Fight Night: Usman vs. Buckley,Cody Durden vs. Jose Ochoa,Cody Durden,112
2025-06-14,UFC Fight Night: Usman vs. Buckley,Cody Durden vs. Jose Ochoa,Jose Ochoa,-112
2024-12-07,UFC 310: Pantoja vs. Asakura,Cody Durden vs. Joshua Van,Cody Durden,176
2024-12-07,UFC 310: Pantoja vs. Asakura,Cody Durden vs. Joshua Van,Joshua Van,-176
2025-06-14,UFC Fight Night: Usman vs. Buckley,Cody Garbrandt vs. Raoni Barcelos,Cody Garbrandt,143
2025-06-14,UFC Fight Night: Usman vs. Buckley,Cody Garbrandt vs. Raoni Barcelos,Raoni Barcelos,-143
2024-11-09,UFC Fight Night: Magny vs. Prates,Cody Stamann vs. Da'Mon Blackshear,Cody Stamann,167
2024-11-09,UFC Fight Night: Magny vs. Prates,Cody Stamann vs. Da'Mon Blackshear,Da'Mon Blackshear,-167
2024-12-14,UFC Fight Night: Covington vs. Buckley,Colby Covington vs. Joaquin Buckley,Colby Covington,182
2024-12-14,UFC Fight Night: Covington vs. Buckley,Colby Covington vs. Joaquin Buckley,Joaquin Buckley,-182
2025-04-05,UFC Fight Night: Emmett vs. Murphy,Cortavious Romious vs. ChangHo Lee,Cortavious Romious,123
2025-04-05,UFC Fight Night: Emmett vs. Murphy,Cortavious Romious vs. ChangHo Lee,ChangHo Lee,-123
2025-05-03,UFC Fight Night: Sandhagen vs. Figueiredo,Cory Sandhagen vs. Deiveson Figueiredo,Cory Sandhagen,-298
2025-05-03,UFC Fight Night: Sandhagen vs. Figueiredo,Cory Sandhagen vs. Deiveson Figueiredo,Deiveson Figueiredo,298
2024-10-05,UFC 307: Pereira vs. Rountree Jr.,Court McGee vs. Tim Means,Court McGee,192
2024-10-05,UFC 307: Pereira vs. Rountree Jr.,Court McGee vs. Tim Means,Tim Means,-192
2024-12-14,UFC Fight Night: Covington vs. Buckley,Cub Swanson vs. Billy Quarantillo,Cub Swanson,125
2024-12-14,UFC Fight Night: Covington vs. Buckley,Cub Swanson vs. Billy Quarantillo,Billy Quarantillo,-125
2025-04-26,UFC Fight Night: Machado Garry vs. Prates,Da'Mon Blackshear vs. Alatengheili,Da'Mon Blackshear,-166
2025-04-26,UFC Fight Night: Machado Garry vs. Prates,Da'Mon Blackshear vs. Alatengheili,Alatengheili,166
2025-03-15,UFC Fight Night: Vettori vs. Dolidze 2,Da'Mon Blackshear vs. Cody Gibson,Da'Mon Blackshear,-180
2025-03-15,UFC Fight Night: Vettori vs. Dolidze 2,Da'Mon Blackshear vs. Cody Gibson,Cody Gibson,180
2025-07-19,UFC 318: Holloway vs. Poirier 3,Dan Ige vs. Patricio Freire,Dan Ige,-206
2025-07-19,UFC 318: Holloway vs. Poirier 3,Dan Ige vs. Patricio Freire,Patricio Freire,206
2025-04-12,UFC 314: Volkanovski vs. Lopes,Dan Ige vs. Sean Woodson,Dan Ige,208
2025-04-12,UFC 314: Volkanovski vs. Lopes,Dan Ige vs. Sean Woodson,Sean Woodson,-208
2025-03-15,UFC Fight Night: Vettori vs. Dolidze 2,Daniel Barez vs. Andre Lima,Daniel Barez,236
2025-03-15,UFC Fight Night: Vettori vs. Dolidze 2,Daniel Barez vs. Andre Lima,Andre Lima,-236
2024-09-28,UFC Fight Night: Moicano vs. Saint Denis,Daniel Barez vs. Victor Altamirano,Daniel Barez,188
2024-09-28,UFC Fight Night: Moicano vs. Saint Denis,Daniel Barez vs. Victor Altamirano,Victor Altamirano,-188
2024-10-12,UFC Fight Night: Royval vs. Taira,Daniel Rodriguez vs. Alex Morono,Daniel Rodriguez,-114
2024-10-12,UFC Fight Night: Royval vs. Taira,Daniel Rodriguez vs. Alex Morono,Alex Morono,114
2025-05-10,UFC 315: Muhammad vs. Della Maddalena,Daniel Santos vs. JeongYeong Lee,Daniel Santos,111
2025-05-10,UFC 315: Muhammad vs. Della Maddalena,Daniel Santos vs. JeongYeong Lee,JeongYeong Lee,-111
2024-09-14,UFC 306: Riyadh Season Noche UFC,Daniel Zellhuber vs. Esteban Ribovics,Daniel Zellhuber,-138
2024-09-14,UFC 306: Riyadh Season Noche UFC,Daniel Zellhuber vs. Esteban Ribovics,Esteban Ribovics,138
2025-03-01,UFC Fight Night: Kape vs. Almabayev,Danny Barlow vs. Sam Patterson,Danny Barlow,102
2025-03-01,UFC Fight Night: Kape vs. Almabayev,Danny Barlow vs. Sam Patterson,Sam Patterson,-102
2025-08-02,UFC Fight Night: Taira vs. Park,Danny Silva vs. Kevin Vallejos,Danny Silva,-116
2025-08-02,UFC Fight Night: Taira vs. Park,Danny Silva vs. Kevin Vallejos,Kevin Vallejos,116
2025-03-01,UFC Fight Night: Kape vs. Almabayev,Danny Silva vs. Lucas Almeida,Danny Silva,-201
2025-03-01,UFC Fight Night: Kape vs. Almabayev,Danny Silva vs. Lucas Almeida,Lucas Almeida,201
2024-10-19,UFC Fight Night: Hernandez vs. Pereira,Darren Elkins vs. Daniel Pineda,Darren Elkins,-138
2024-10-19,UFC Fight Night: Hernandez vs. Pereira,Darren Elkins vs. Daniel Pineda,Daniel Pineda,138
2025-04-12,UFC 314: Volkanovski vs. Lopes,Darren Elkins vs. Julian Erosa,Darren Elkins,126
2025-04-12,UFC 314: Volkanovski vs. Lopes,Darren Elkins vs. Julian Erosa,Julian Erosa,-126
2025-07-26,UFC Fight Night: Whittaker vs. De Ridder,Davey Grant vs. Da'Mon Blackshear,Davey Grant,179
2025-07-26,UFC Fight Night: Whittaker vs. De Ridder,Davey Grant vs. Da'Mon Blackshear,Da'Mon Blackshear,-179
2024-12-14,UFC Fight Night: Covington vs. Buckley,Davey Grant vs. Ramon Taveras,Davey Grant,152
2024-12-14,UFC Fight Night: Covington vs. Buckley,Davey Grant vs. Ramon Taveras,Ramon Taveras,-152
2025-07-12,UFC Fight Night: Lewis vs. Teixeira,Derrick Lewis vs. Tallison Teixeira,Derrick Lewis,401
2025-07-12,UFC Fight Night: Lewis vs. Teixeira,Derrick Lewis vs. Tallison Teixeira,Tallison Teixeira,-401
2025-09-13,UFC Fight Night: Lopes vs. Silva,Diego Lopes vs. Jean Silva,Diego Lopes,118
2025-09-13,UFC Fight Night: Lopes vs. Silva,Diego Lopes vs. Jean Silva,Jean Silva,-118
2024-12-07,UFC 310: Pantoja vs. Asakura,Dominick Reyes vs. Anthony Smith,Dominick Reyes,-111
2024-12-07,UFC 310: Pantoja vs. Asakura,Dominick Reyes vs. Anthony Smith,Anthony Smith,111
2025-02-15,UFC Fight Night: Cannonier vs. Rodrigues,Don'Tale Mayes vs. Valter Walker,Don'Tale Mayes,173
2025-02-15,UFC Fight Night: Cannonier vs. Rodrigues,Don'Tale Mayes vs. Valter Walker,Valter Walker,-173
2025-08-16,UFC 319: Du Plessis vs. Chimaev,Dricus Du Plessis vs. Khamzat Chimaev,Dricus Du Plessis,-115
2025-08-16,UFC 319: Du Plessis vs. Chimaev,Dricus Du Plessis vs. Khamzat Chimaev,Khamzat Chimaev,115
2025-02-08,UFC 312: Du Plessis vs. Strickland 2,Dricus Du Plessis vs. Sean Strickland,Dricus Du Plessis,-115
2025-02-08,UFC 312: Du Plessis vs. Strickland 2,Dricus Du Plessis vs. Sean Strickland,Sean Strickland,115
2025-05-31,UFC Fight Night: Blanchfield vs. Barber,Dustin Jacoby vs. Bruno Lopes,Dustin Jacoby,113
2025-05-31,UFC Fight Night: Blanchfield vs. Barber,Dustin Jacoby vs. Bruno Lopes,Bruno Lopes,-113
2025-05-17,UFC Fight Night: Burns vs. Morales,Dustin Stoltzfus vs. Nursulton Ruziboev,Dustin Stoltzfus,185
2025-05-17,UFC Fight Night: Burns vs. Morales,Dustin Stoltzfus vs. Nursulton Ruziboev,Nursulton Ruziboev,-185
2025-03-29,UFC Fight Night: Moreno vs. Erceg,Edgar Chairez vs. CJ Vergara,Edgar Chairez,-105
2025-03-29,UFC Fight Night: Moreno vs. Erceg,Edgar Chairez vs. CJ Vergara,CJ Vergara,105
2024-09-14,UFC 306: Riyadh Season Noche UFC,Edgar Chairez vs. Joshua Van,Edgar Chairez,228
2024-09-14,UFC 306: Riyadh Season Noche UFC,Edgar Chairez vs. Joshua Van,Joshua Van,-228
2025-06-14,UFC Fight Night: Usman vs. Buckley,Edmen Shahbazyan vs. Andre Petroski,Edmen Shahbazyan,-153
2025-06-14,UFC Fight Night: Usman vs. Buckley,Edmen Shahbazyan vs. Andre Petroski,Andre Petroski,153
2025-02-15,UFC Fight Night: Cannonier vs. Rodrigues,Edmen Shahbazyan vs. Dylan Budka,Edmen Shahbazyan,-127
2025-02-15,UFC Fight Night: Cannonier vs. Rodrigues,Edmen Shahbazyan vs. Dylan Budka,Dylan Budka,127
2025-08-16,UFC 319: Du Plessis vs. Chimaev,Edson Barboza vs. Drakkar Klose,Edson Barboza,156
2025-08-16,UFC 319: Du Plessis vs. Chimaev,Edson Barboza vs. Drakkar Klose,Drakkar Klose,-156
2025-08-09,UFC Fight Night: Dolidze vs. Hernandez,Elijah Smith vs. Toshiomi Kazama,Elijah Smith,-317
2025-08-09,UFC Fight Night: Dolidze vs. Hernandez,Elijah Smith vs. Toshiomi Kazama,Toshiomi Kazama,317
2025-08-02,UFC Fight Night: Taira vs. Park,Elves Brener vs. Esteban Ribovics,Elves Brener,133
2025-08-02,UFC Fight Night: Taira vs. Park,Elves Brener vs. Esteban Ribovics,Esteban Ribovics,-133
2025-08-09,UFC Fight Night: Dolidze vs. Hernandez,Eryk Anders vs. Christian Leroy Duncan,Eryk Anders,311
2025-08-09,UFC Fight Night: Dolidze vs. Hernandez,Eryk Anders vs. Christian Leroy Duncan,Christian Leroy Duncan,-311
2024-09-28,UFC Fight Night: Moicano vs. Saint Denis,Fares Ziam vs. Matt Frevola,Fares Ziam,-261
2024-09-28,UFC Fight Night: Moicano vs. Saint Denis,Fares Ziam vs. Matt Frevola,Matt Frevola,261
2025-02-01,UFC Fight Night: Adesanya vs. Imavov,Fares Ziam vs. Mike Davis,Fares Ziam,-217
2025-02-01,UFC Fight Night: Adesanya vs. Imavov,Fares Ziam vs. Mike Davis,Mike Davis,217
2024-10-26,UFC 308: Topuria vs. Holloway,Farid Basharat vs. Victor Hugo,Farid Basharat,-181
2024-10-26,UFC 308: Topuria vs. Holloway,Farid Basharat vs. Victor Hugo,Victor Hugo,181
2025-07-19,UFC 318: Holloway vs. Poirier 3,Francisco Prado vs. Nikolay Veretennikov,Francisco Prado,-138
2025-07-19,UFC 318: Holloway vs. Poirier 3,Francisco Prado vs. Nikolay Veretennikov,Nikolay Veretennikov,138
2025-02-15,UFC Fight Night: Cannonier vs. Rodrigues,Gabriel Bonfim vs. Khaos Williams,Gabriel Bonfim,-180
2025-02-15,UFC Fight Night: Cannonier vs. Rodrigues,Gabriel Bonfim vs. Khaos Williams,Khaos Williams,180
2025-05-03,UFC Fight Night: Sandhagen vs. Figueiredo,Gaston Bolanos vs. Quang Le,Gaston Bolanos,-124
2025-05-03,UFC Fight Night: Sandhagen vs. Figueiredo,Gaston Bolanos vs. Quang Le,Quang Le,124
2025-08-16,UFC 319: Du Plessis vs. Chimaev,Geoff Neal vs. Carlos Prates,Geoff Neal,119
2025-08-16,UFC 319: Du Plessis vs. Chimaev,Geoff Neal vs. Carlos Prates,Carlos Prates,-119
2024-10-26,UFC 308: Topuria vs. Holloway,Geoff Neal vs. Rafael Dos Anjos,Geoff Neal,-135
2024-10-26,UFC 308: Topuria vs. Holloway,Geoff Neal vs. Rafael Dos Anjos,Rafael Dos Anjos,135
2025-08-16,UFC 319: Du Plessis vs. Chimaev,Gerald Meerschaert vs. Michal Oleksiejczuk,Gerald Meerschaert,131
2025-08-16,UFC 319: Du Plessis vs. Chimaev,Gerald Meerschaert vs. Michal Oleksiejczuk,Michal Oleksiejczuk,-131
2025-04-26,UFC Fight Night: Machado Garry vs. Prates,Giga Chikadze vs. David Onama,Giga Chikadze,133
2025-04-26,UFC Fight Night: Machado Garry vs. Prates,Giga Chikadze vs. David Onama,David Onama,-133
2025-05-17,UFC Fight Night: Burns vs. Morales,Gilbert Burns vs. Michael Morales,Gilbert Burns,270
2025-05-17,UFC Fight Night: Burns vs. Morales,Gilbert Burns vs. Michael Morales,Michael Morales,-270
2025-01-18,UFC 311: Makhachev vs. Moicano,Grant Dawson vs. Diego Ferreira,Grant Dawson,-262
2025-01-18,UFC 311: Makhachev vs. Moicano,Grant Dawson vs. Diego Ferreira,Diego Ferreira,262
2024-10-12,UFC Fight Night: Royval vs. Taira,Grant Dawson vs. Rafa Garcia,Grant Dawson,-124
2024-10-12,UFC Fight Night: Royval vs. Taira,Grant Dawson vs. Rafa Garcia,Rafa Garcia,124
2025-03-22,UFC Fight Night: Edwards vs. Brady,Gunnar Nelson vs. Kevin Holland,Gunnar Nelson,212
2025-03-22,UFC Fight Night: Edwards vs. Brady,Gunnar Nelson vs. Kevin Holland,Kevin Holland,-212
2025-03-22,UFC Fight Night: Edwards vs. Brady,Guram Kutateladze vs. Kaue Fernandes,Guram Kutateladze,240
2025-03-22,UFC Fight Night: Edwards vs. Brady,Guram Kutateladze vs. Kaue Fernandes,Kaue Fernandes,-240
2025-06-21,UFC Fight Night: Hill vs. Rountree Jr.,Hamdy Abdelwahab vs. Mohammed Usman,Hamdy Abdelwahab,-124
2025-06-21,UFC Fight Night: Hill vs. Rountree Jr.,Hamdy Abdelwahab vs. Mohammed Usman,Mohammed Usman,124
2025-02-22,UFC Fight Night: Cejudo vs. Song,Henry Cejudo vs. Song Yadong,Henry Cejudo,152
2025-02-22,UFC Fight Night: Cejudo vs. Song,Henry Cejudo vs. Song Yadong,Song Yadong,-152
2025-06-28,UFC 317: Topuria vs. Oliveira,Hyder Amil vs. Jose Delgado,Hyder Amil,144
2025-06-28,UFC 317: Topuria vs. Oliveira,Hyder Amil vs. Jose Delgado,Jose Delgado,-144
2025-03-01,UFC Fight Night: Kape vs. Almabayev,Hyder Amil vs. William Gomis,Hyder Amil,167
2025-03-01,UFC Fight Night: Kape vs. Almabayev,Hyder Amil vs. William Gomis,William Gomis,-167
2025-05-17,UFC Fight Night: Burns vs. Morales,HyunSung Park vs. Carlos Hernandez,HyunSung Park,-124
2025-05-17,UFC Fight Night: Burns vs. Morales,HyunSung Park vs. Carlos Hernandez,Carlos Hernandez,124
2025-04-26,UFC Fight Night: Machado Garry vs. Prates,Ian Machado Garry vs. Carlos Prates,Ian Machado Garry,-162
2025-04-26,UFC Fight Night: Machado Garry vs. Prates,Ian Machado Garry vs. Carlos Prates,Carlos Prates,162
2025-07-26,UFC Fight Night: Whittaker vs. De Ridder,Ibo Aslan vs. Billy Elekana,Ibo Aslan,-163
2025-07-26,UFC Fight Night: Whittaker vs. De Ridder,Ibo Aslan vs. Billy Elekana,Billy Elekana,163
2025-04-26,UFC Fight Night: Machado Garry vs. Prates,Ikram Aliskerov vs. Andre Muniz,Ikram Aliskerov,166
2025-04-26,UFC Fight Night: Machado Garry vs. Prates,Ikram Aliskerov vs. Andre Muniz,Andre Muniz,-166
2025-06-28,UFC 317: Topuria vs. Oliveira,Ilia Topuria vs. Charles Oliveira,Ilia Topuria,-135
2025-06-28,UFC 317: Topuria vs. Oliveira,Ilia Topuria vs. Charles Oliveira,Charles Oliveira,135
2024-10-26,UFC 308: Topuria vs. Holloway,Ilia Topuria vs. Max Holloway,Ilia Topuria,-110
2024-10-26,UFC 308: Topuria vs. Holloway,Ilia Topuria vs. Max Holloway,Max Holloway,110
2025-02-22,UFC Fight Night: Cejudo vs. Song,Ion Cutelaba vs. Ibo Aslan,Ion Cutelaba,203
2025-02-22,UFC Fight Night: Cejudo vs. Song,Ion Cutelaba vs. Ibo Aslan,Ibo Aslan,-203
2025-01-18,UFC 311: Makhachev vs. Moicano,Islam Makhachev vs. Renato Moicano,Islam Makhachev,-591
2025-01-18,UFC 311: Makhachev vs. Moicano,Islam Makhachev vs. Renato Moicano,Renato Moicano,591
2025-02-15,UFC Fight Night: Cannonier vs. Rodrigues,Ismael Bonfim vs. Nazim Sadykhov,Ismael Bonfim,-175
2025-02-15,UFC Fight Night: Cannonier vs. Rodrigues,Ismael Bonfim vs. Nazim Sadykhov,Nazim Sadykhov,175
2024-10-26,UFC 308: Topuria vs. Holloway,Ismail Naurdiev vs. Bruno Silva,Ismail Naurdiev,-317
2024-10-26,UFC 308: Topuria vs. Holloway,Ismail Naurdiev vs. Bruno Silva,Bruno Silva,317
2025-06-21,UFC Fight Night: Hill vs. Rountree Jr.,Ismail Naurdiev vs. JunYong Park,Ismail Naurdiev,-100
2025-06-21,UFC Fight Night: Hill vs. Rountree Jr.,Ismail Naurdiev vs. JunYong Park,JunYong Park,100
2025-02-01,UFC Fight Night: Adesanya vs. Imavov,Israel Adesanya vs. Nassourdine Imavov,Israel Adesanya,135
2025-02-01,UFC Fight Night: Adesanya vs. Imavov,Israel Adesanya vs. Nassourdine Imavov,Nassourdine Imavov,-135
2025-06-28,UFC 317: Topuria vs. Oliveira,Jack Hermansson vs. Gregory Rodrigues,Jack Hermansson,-101
2025-06-28,UFC 317: Topuria vs. Oliveira,Jack Hermansson vs. Gregory Rodrigues,Gregory Rodrigues,101
2025-02-08,UFC 312: Du Plessis vs. Strickland 2,Jack Jenkins vs. Gabriel Santos,Jack Jenkins,-129
2025-02-08,UFC 312: Du Plessis vs. Strickland 2,Jack Jenkins vs. Gabriel Santos,Gabriel Santos,129
2024-11-02,UFC Fight Night: Moreno vs. Albazi,Jack Shore vs. Youssef Zalal,Jack Shore,150
2024-11-02,UFC Fight Night: Moreno vs. Albazi,Jack Shore vs. Youssef Zalal,Youssef Zalal,-150
2025-05-31,UFC Fight Night: Blanchfield vs. Barber,Jafel Filho vs. Allan Nascimento,Jafel Filho,137
2025-05-31,UFC Fight Night: Blanchfield vs. Barber,Jafel Filho vs. Allan Nascimento,Allan Nascimento,-137
2025-03-22,UFC Fight Night: Edwards vs. Brady,Jai Herbert vs. Chris Padilla,Jai Herbert,250
2025-03-22,UFC Fight Night: Edwards vs. Brady,Jai Herbert vs. Chris Padilla,Chris Padilla,-250
2025-01-18,UFC 311: Makhachev vs. Moicano,Jailton Almeida vs. Serghei Spivac,Jailton Almeida,-178
2025-01-18,UFC 311: Makhachev vs. Moicano,Jailton Almeida vs. Serghei Spivac,Serghei Spivac,178
2025-07-12,UFC Fight Night: Lewis vs. Teixeira,Jake Matthews vs. Chidi Njokuani,Jake Matthews,-108
2025-07-12,UFC Fight Night: Lewis vs. Teixeira,Jake Matthews vs. Chidi Njokuani,Chidi Njokuani,108
2025-02-08,UFC 312: Du Plessis vs. Strickland 2,Jake Matthews vs. Francisco Prado,Jake Matthews,-135
2025-02-08,UFC 312: Du Plessis vs. Strickland 2,Jake Matthews vs. Francisco Prado,Francisco Prado,135
2025-03-08,UFC 313: Pereira vs. Ankalaev,Jalin Turner vs. Ignacio Bahamondes,Jalin Turner,122
2025-03-08,UFC 313: Pereira vs. Ankalaev,Jalin Turner vs. Ignacio Bahamondes,Ignacio Bahamondes,-122
2025-06-21,UFC Fight Night: Hill vs. Rountree Jr.,Jamahal Hill vs. Khalil Rountree Jr.,Jamahal Hill,-110
2025-06-21,UFC Fight Night: Hill vs. Rountree Jr.,Jamahal Hill vs. Khalil Rountree Jr.,Khalil Rountree Jr.,110
2025-03-29,UFC Fight Night: Moreno vs. Erceg,Jamall Emmers vs. Gabriel Miranda,Jamall Emmers,-172
2025-03-29,UFC Fight Night: Moreno vs. Erceg,Jamall Emmers vs. Gabriel Miranda,Gabriel Miranda,172
2025-03-22,UFC Fight Night: Edwards vs. Brady,Jan Blachowicz vs. Carlos Ulberg,Jan Blachowicz,218
2025-03-22,UFC Fight Night: Edwards vs. Brady,Jan Blachowicz vs. Carlos Ulberg,Carlos Ulberg,-218
2025-02-15,UFC Fight Night: Cannonier vs. Rodrigues,Jared Cannonier vs. Gregory Rodrigues,Jared Cannonier,262
2025-02-15,UFC Fight Night: Cannonier vs. Rodrigues,Jared Cannonier vs. Gregory Rodrigues,Gregory Rodrigues,-262
2025-08-16,UFC 319: Du Plessis vs. Chimaev,Jared Cannonier vs. Michael Page,Jared Cannonier,153
2025-08-16,UFC 319: Du Plessis vs. Chimaev,Jared Cannonier vs. Michael Page,Michael Page,-153
2025-05-17,UFC Fight Night: Burns vs. Morales,Jared Gordon vs. Thiago Moises,Jared Gordon,-127
2025-05-17,UFC Fight Night: Burns vs. Morales,Jared Gordon vs. Thiago Moises,Thiago Moises,127
2025-02-22,UFC Fight Night: Cejudo vs. Song,Jean Silva vs. Melsik Baghdasaryan,Jean Silva,-152
2025-02-22,UFC Fight Night: Cejudo vs. Song,Jean Silva vs. Melsik Baghdasaryan,Melsik Baghdasaryan,152
2025-05-03,UFC Fight Night: Sandhagen vs. Figueiredo,Jeremy Stephens vs. Mason Jones,Jeremy Stephens,181
2025-05-03,UFC Fight Night: Sandhagen vs. Figueiredo,Jeremy Stephens vs. Mason Jones,Mason Jones,-181
2025-09-13,UFC Fight Night: Lopes vs. Silva,Jesus Aguilar vs. Luis Gurule,Jesus Aguilar,-159
2025-09-13,UFC Fight Night: Lopes vs. Silva,Jesus Aguilar vs. Luis Gurule,Luis Gurule,159
2025-04-12,UFC 314: Volkanovski vs. Lopes,Jim Miller vs. Chase Hooper,Jim Miller,283
2025-04-12,UFC 314: Volkanovski vs. Lopes,Jim Miller vs. Chase Hooper,Chase Hooper,-283
2024-11-16,UFC 309: Jones vs. Miocic,Jim Miller vs. Damon Jackson,Jim Miller,125
2024-11-16,UFC 309: Jones vs. Miocic,Jim Miller vs. Damon Jackson,Damon Jackson,-125
2025-07-19,UFC 318: Holloway vs. Poirier 3,Jimmy Crute vs. Marcin Prachnio,Jimmy Crute,-216
2025-07-19,UFC 318: Holloway vs. Poirier 3,Jimmy Crute vs. Marcin Prachnio,Marcin Prachnio,216
2025-02-08,UFC 312: Du Plessis vs. Strickland 2,Jimmy Crute vs. Rodolfo Bellato,Jimmy Crute,-107
2025-02-08,UFC 312: Du Plessis vs. Strickland 2,Jimmy Crute vs. Rodolfo Bellato,Rodolfo Bellato,107
2025-01-18,UFC 311: Makhachev vs. Moicano,Jiri Prochazka vs. Jamahal Hill,Jiri Prochazka,-109
2025-01-18,UFC 311: Makhachev vs. Moicano,Jiri Prochazka vs. Jamahal Hill,Jamahal Hill,109
2024-12-14,UFC Fight Night: Covington vs. Buckley,Joel Alvarez vs. Drakkar Klose,Joel Alvarez,-106
2024-12-14,UFC Fight Night: Covington vs. Buckley,Joel Alvarez vs. Drakkar Klose,Drakkar Klose,106
2025-08-23,UFC Fight Night: Walker vs. Zhang,Johnny Walker vs. Zhang Mingyang,Johnny Walker,160
2025-08-23,UFC Fight Night: Walker vs. Zhang,Johnny Walker vs. Zhang Mingyang,Zhang Mingyang,-160
2024-11-16,UFC 309: Jones vs. Miocic,Jon Jones vs. Stipe Miocic,Jon Jones,-327
2024-11-16,UFC 309: Jones vs. Miocic,Jon Jones vs. Stipe Miocic,Stipe Miocic,327
2024-11-16,UFC 309: Jones vs. Miocic,Jonathan Martinez vs. Marcus McGhee,Jonathan Martinez,-130
2024-11-16,UFC 309: Jones vs. Miocic,Jonathan Martinez vs. Marcus McGhee,Marcus McGhee,130
2024-10-12,UFC Fight Night: Royval vs. Taira,Jonathan Pearce vs. Pat Sabatini,Jonathan Pearce,-164
2024-10-12,UFC Fight Night: Royval vs. Taira,Jonathan Pearce vs. Pat Sabatini,Pat Sabatini,164
2025-03-22,UFC Fight Night: Edwards vs. Brady,Jordan Vucenic vs. Chris Duncan,Jordan Vucenic,-111
2025-03-22,UFC Fight Night: Edwards vs. Brady,Jordan Vucenic vs. Chris Duncan,Chris Duncan,111
2025-05-10,UFC 315: Muhammad vs. Della Maddalena,Jose Aldo vs. Aiemann Zahabi,Jose Aldo,-114
2025-05-10,UFC 315: Muhammad vs. Della Maddalena,Jose Aldo vs. Aiemann Zahabi,Aiemann Zahabi,114
2024-10-05,UFC 307: Pereira vs. Rountree Jr.,Jose Aldo vs. Mario Bautista,Jose Aldo,175
2024-10-05,UFC 307: Pereira vs. Rountree Jr.,Jose Aldo vs. Mario Bautista,Mario Bautista,-175
2025-01-11,UFC Fight Night: Dern vs. Ribas 2,Jose Johnson vs. Felipe Bunes,Jose Johnson,-170
2025-01-11,UFC Fight Night: Dern vs. Ribas 2,Jose Johnson vs. Felipe Bunes,Felipe Bunes,170
2025-04-05,UFC Fight Night: Emmett vs. Murphy,Josh Emmett vs. Lerone Murphy,Josh Emmett,400
2025-04-05,UFC Fight Night: Emmett vs. Murphy,Josh Emmett vs. Lerone Murphy,Lerone Murphy,-400
2025-03-08,UFC 313: Pereira vs. Ankalaev,Joshua Van vs. Rei Tsuruya,Joshua Van,-132
2025-03-08,UFC 313: Pereira vs. Ankalaev,Joshua Van vs. Rei Tsuruya,Rei Tsuruya,132
2025-05-17,UFC Fight Night: Burns vs. Morales,Julian Erosa vs. Melquizael Costa,Julian Erosa,215
2025-05-17,UFC Fight Night: Burns vs. Morales,Julian Erosa vs. Melquizael Costa,Melquizael Costa,-215
2025-08-09,UFC Fight Night: Dolidze vs. Hernandez,Julius Walker vs. Rafael Cerqueira,Julius Walker,-342
2025-08-09,UFC Fight Night: Dolidze vs. Hernandez,Julius Walker vs. Rafael Cerqueira,Rafael Cerqueira,342
2025-07-12,UFC Fight Night: Lewis vs. Teixeira,Junior Tafa vs. Tuco Tokkos,Junior Tafa,-187
2025-07-12,UFC Fight Night: Lewis vs. Teixeira,Junior Tafa vs. Tuco Tokkos,Tuco Tokkos,187
2025-03-08,UFC 313: Pereira vs. Ankalaev,Justin Gaethje vs. Rafael Fiziev,Justin Gaethje,119
2025-03-08,UFC 313: Pereira vs. Ankalaev,Justin Gaethje vs. Rafael Fiziev,Rafael Fiziev,-119
2025-06-14,UFC Fight Night: Usman vs. Buckley,Kamaru Usman vs. Joaquin Buckley,Kamaru Usman,106
2025-06-14,UFC Fight Night: Usman vs. Buckley,Kamaru Usman vs. Joaquin Buckley,Joaquin Buckley,-106
2025-09-13,UFC Fight Night: Lopes vs. Silva,Kelvin Gastelum vs. Dustin Stoltzfus,Kelvin Gastelum,-142
2025-09-13,UFC Fight Night: Lopes vs. Silva,Kelvin Gastelum vs. Dustin Stoltzfus,Dustin Stoltzfus,142
2025-06-07,UFC 316: Dvalishvili vs. O'Malley 2,Kelvin Gastelum vs. Joe Pyfer,Kelvin Gastelum,158
2025-06-07,UFC 316: Dvalishvili vs. O'Malley 2,Kelvin Gastelum vs. Joe Pyfer,Joe Pyfer,-158
2024-10-26,UFC 308: Topuria vs. Holloway,Kennedy Nzechukwu vs. Chris Barnett,Kennedy Nzechukwu,-263
2024-10-26,UFC 308: Topuria vs. Holloway,Kennedy Nzechukwu vs. Chris Barnett,Chris Barnett,263
2024-12-07,UFC 310: Pantoja vs. Asakura,Kennedy Nzechukwu vs. Lukasz Brzeski,Kennedy Nzechukwu,-189
2024-12-07,UFC 310: Pantoja vs. Asakura,Kennedy Nzechukwu vs. Lukasz Brzeski,Lukasz Brzeski,189
2025-07-12,UFC Fight Night: Lewis vs. Teixeira,Kennedy Nzechukwu vs. Valter Walker,Kennedy Nzechukwu,118
2025-07-12,UFC Fight Night: Lewis vs. Teixeira,Kennedy Nzechukwu vs. Valter Walker,Valter Walker,-118
2025-07-19,UFC 318: Holloway vs. Poirier 3,Kevin Holland vs. Daniel Rodriguez,Kevin Holland,-142
2025-07-19,UFC 318: Holloway vs. Poirier 3,Kevin Holland vs. Daniel Rodriguez,Daniel Rodriguez,142
2025-01-18,UFC 311: Makhachev vs. Moicano,Kevin Holland vs. Reinier de Ridder,Kevin Holland,-117
2025-01-18,UFC 311: Makhachev vs. Moicano,Kevin Holland vs. Reinier de Ridder,Reinier de Ridder,117
2024-09-28,UFC Fight Night: Moicano vs. Saint Denis,Kevin Jousset vs. Bryan Battle,Kevin Jousset,114
2024-09-28,UFC Fight Night: Moicano vs. Saint Denis,Kevin Jousset vs. Bryan Battle,Bryan Battle,-114
2025-03-08,UFC 313: Pereira vs. Ankalaev,King Green vs. Mauricio Ruffy,King Green,123
2025-03-08,UFC 313: Pereira vs. Ankalaev,King Green vs. Mauricio Ruffy,Mauricio Ruffy,-123
2025-05-31,UFC Fight Night: Blanchfield vs. Barber,Kurt Holobaugh vs. Jordan Leavitt,Kurt Holobaugh,191
2025-05-31,UFC Fight Night: Blanchfield vs. Barber,Kurt Holobaugh vs. Jordan Leavitt,Jordan Leavitt,-191
2025-07-19,UFC 318: Holloway vs. Poirier 3,Kyler Phillips vs. Vinicius Oliveira,Kyler Phillips,-115
2025-07-19,UFC 318: Holloway vs. Poirier 3,Kyler Phillips vs. Vinicius Oliveira,Vinicius Oliveira,115
2025-03-22,UFC Fight Night: Edwards vs. Brady,Leon Edwards vs. Sean Brady,Leon Edwards,-140
2025-03-22,UFC Fight Night: Edwards vs. Brady,Leon Edwards vs. Sean Brady,Sean Brady,140
2024-10-26,UFC 308: Topuria vs. Holloway,Lerone Murphy vs. Dan Ige,Lerone Murphy,-167
2024-10-26,UFC 308: Topuria vs. Holloway,Lerone Murphy vs. Dan Ige,Dan Ige,167
2025-03-22,UFC Fight Night: Edwards vs. Brady,Lone'er Kavanagh vs. Felipe dos Santos,Lone'er Kavanagh,-146
2025-03-22,UFC Fight Night: Edwards vs. Brady,Lone'er Kavanagh vs. Felipe dos Santos,Felipe dos Santos,146
2024-09-28,UFC Fight Night: Moicano vs. Saint Denis,Ludovit Klein vs. Roosevelt Roberts,Ludovit Klein,-362
2024-09-28,UFC Fight Night: Moicano vs. Saint Denis,Ludovit Klein vs. Roosevelt Roberts,Roosevelt Roberts,362
2024-10-26,UFC 308: Topuria vs. Holloway,Magomed Ankalaev vs. Aleksandar Rakic,Magomed Ankalaev,-333
2024-10-26,UFC 308: Topuria vs. Holloway,Magomed Ankalaev vs. Aleksandar Rakic,Aleksandar Rakic,333
2025-08-23,UFC Fight Night: Walker vs. Zhang,Maheshate vs. Gauge Young,Maheshate,153
2025-08-23,UFC Fight Night: Walker vs. Zhang,Maheshate vs. Gauge Young,Gauge Young,-153
2024-11-23,UFC Fight Night: Yan vs. Figueiredo,Maheshate vs. Nikolas Motta,Maheshate,-119
2024-11-23,UFC Fight Night: Yan vs. Figueiredo,Maheshate vs. Nikolas Motta,Nikolas Motta,119
2025-03-08,UFC 313: Pereira vs. Ankalaev,Mairon Santos vs. Francis Marshall,Mairon Santos,-169
2025-03-08,UFC 313: Pereira vs. Ankalaev,Mairon Santos vs. Francis Marshall,Francis Marshall,169
2025-06-14,UFC Fight Night: Usman vs. Buckley,Malcolm Wellmaker vs. Kris Moutinho,Malcolm Wellmaker,-227
2025-06-14,UFC Fight Night: Usman vs. Buckley,Malcolm Wellmaker vs. Kris Moutinho,Kris Moutinho,227
2025-03-01,UFC Fight Night: Kape vs. Almabayev,Manel Kape vs. Asu Almabayev,Manel Kape,132
2025-03-01,UFC Fight Night: Kape vs. Almabayev,Manel Kape vs. Asu Almabayev,Asu Almabayev,-132
2024-12-14,UFC Fight Night: Covington vs. Buckley,Manel Kape vs. Bruno Silva,Manel Kape,-224
2024-12-14,UFC Fight Night: Covington vs. Buckley,Manel Kape vs. Bruno Silva,Bruno Silva,224
2025-06-14,UFC Fight Night: Usman vs. Buckley,Mansur Abdul-Malik vs. Cody Brundage,Mansur Abdul-Malik,-218
2025-06-14,UFC Fight Night: Usman vs. Buckley,Mansur Abdul-Malik vs. Cody Brundage,Cody Brundage,218
2025-03-29,UFC Fight Night: Moreno vs. Erceg,Manuel Torres vs. Drew Dober,Manuel Torres,-175
2025-03-29,UFC Fight Night: Moreno vs. Erceg,Manuel Torres vs. Drew Dober,Drew Dober,175
2024-09-14,UFC 306: Riyadh Season Noche UFC,Manuel Torres vs. Ignacio Bahamondes,Manuel Torres,-150
2024-09-14,UFC 306: Riyadh Season Noche UFC,Manuel Torres vs. Ignacio Bahamondes,Ignacio Bahamondes,150
2025-03-29,UFC Fight Night: Moreno vs. Erceg,MarQuel Mederos vs. Austin Hubbard,MarQuel Mederos,-176
2025-03-29,UFC Fight Night: Moreno vs. Erceg,MarQuel Mederos vs. Austin Hubbard,Austin Hubbard,176
2025-05-10,UFC 315: Muhammad vs. Della Maddalena,Marc-Andre Barriault vs. Bruno Silva,Marc-Andre Barriault,-128
2025-05-10,UFC 315: Muhammad vs. Della Maddalena,Marc-Andre Barriault vs. Bruno Silva,Bruno Silva,128
2024-11-02,UFC Fight Night: Moreno vs. Albazi,Marc-Andre Barriault vs. Dustin Stoltzfus,Marc-Andre Barriault,-115
2024-11-02,UFC Fight Night: Moreno vs. Albazi,Marc-Andre Barriault vs. Dustin Stoltzfus,Dustin Stoltzfus,115
2024-11-16,UFC 309: Jones vs. Miocic,Marcin Tybura vs. Jhonata Diniz,Marcin Tybura,142
2024-11-16,UFC 309: Jones vs. Miocic,Marcin Tybura vs. Jhonata Diniz,Jhonata Diniz,-142
2025-03-22,UFC Fight Night: Edwards vs. Brady,Marcin Tybura vs. Mick Parkin,Marcin Tybura,164
2025-03-22,UFC Fight Night: Edwards vs. Brady,Marcin Tybura vs. Mick Parkin,Mick Parkin,-164
2025-07-19,UFC 318: Holloway vs. Poirier 3,Marvin Vettori vs. Brendan Allen,Marvin Vettori,163
2025-07-19,UFC 318: Holloway vs. Poirier 3,Marvin Vettori vs. Brendan Allen,Brendan Allen,-163
2025-03-15,UFC Fight Night: Vettori vs. Dolidze 2,Marvin Vettori vs. Roman Dolidze,Marvin Vettori,104
2025-03-15,UFC Fight Night: Vettori vs. Dolidze 2,Marvin Vettori vs. Roman Dolidze,Roman Dolidze,-104
2025-05-31,UFC Fight Night: Blanchfield vs. Barber,Mateusz Gamrot vs. Ludovit Klein,Mateusz Gamrot,212
2025-05-31,UFC Fight Night: Blanchfield vs. Barber,Mateusz Gamrot vs. Ludovit Klein,Ludovit Klein,-212
2025-08-02,UFC Fight Night: Taira vs. Park,Mateusz Rebecki vs. Chris Duncan,Mateusz Rebecki,103
2025-08-02,UFC Fight Night: Taira vs. Park,Mateusz Rebecki vs. Chris Duncan,Chris Duncan,-103
2024-10-19,UFC Fight Night: Hernandez vs. Pereira,Matheus Nicolau vs. Asu Almabayev,Matheus Nicolau,261
2024-10-19,UFC Fight Night: Hernandez vs. Pereira,Matheus Nicolau vs. Asu Almabayev,Asu Almabayev,-261
2025-04-26,UFC Fight Night: Machado Garry vs. Prates,Matt Schnell vs. Jimmy Flick,Matt Schnell,-129
2025-04-26,UFC Fight Night: Machado Garry vs. Prates,Matt Schnell vs. Jimmy Flick,Jimmy Flick,129
2024-11-09,UFC Fight Night: Magny vs. Prates,Matthew Semelsberger vs. Charles Radtke,Matthew Semelsberger,117
2024-11-09,UFC Fight Night: Magny vs. Prates,Matthew Semelsberger vs. Charles Radtke,Charles Radtke,-117
2025-07-12,UFC Fight Night: Lewis vs. Teixeira,Max Griffin vs. Chris Curtis,Max Griffin,107
2025-07-12,UFC Fight Night: Lewis vs. Teixeira,Max Griffin vs. Chris Curtis,Chris Curtis,-107
2025-07-19,UFC 318: Holloway vs. Poirier 3,Max Holloway vs. Dustin Poirier,Max Holloway,-177
2025-07-19,UFC 318: Holloway vs. Poirier 3,Max Holloway vs. Dustin Poirier,Dustin Poirier,177
2025-06-07,UFC 316: Dvalishvili vs. O'Malley 2,Merab Dvalishvili vs. Sean O'Malley,Merab Dvalishvili,-214
2025-06-07,UFC 316: Dvalishvili vs. O'Malley 2,Merab Dvalishvili vs. Sean O'Malley,Sean O'Malley,214
2025-01-18,UFC 311: Makhachev vs. Moicano,Merab Dvalishvili vs. Umar Nurmagomedov,Merab Dvalishvili,109
2025-01-18,UFC 311: Makhachev vs. Moicano,Merab Dvalishvili vs. Umar Nurmagomedov,Umar Nurmagomedov,-109
2025-04-12,UFC 314: Volkanovski vs. Lopes,Michael Chandler vs. Paddy Pimblett,Michael Chandler,245
2025-04-12,UFC 314: Volkanovski vs. Lopes,Michael Chandler vs. Paddy Pimblett,Paddy Pimblett,-245
2025-06-14,UFC Fight Night: Usman vs. Buckley,Michael Chiesa vs. Court McGee,Michael Chiesa,-179
2025-06-14,UFC Fight Night: Usman vs. Buckley,Michael Chiesa vs. Court McGee,Court McGee,179
2024-12-07,UFC 310: Pantoja vs. Asakura,Michael Chiesa vs. Max Griffin,Michael Chiesa,-131
2024-12-07,UFC 310: Pantoja vs. Asakura,Michael Chiesa vs. Max Griffin,Max Griffin,131
2025-07-19,UFC 318: Holloway vs. Poirier 3,Michael Johnson vs. Daniel Zellhuber,Michael Johnson,146
2025-07-19,UFC 318: Holloway vs. Poirier 3,Michael Johnson vs. Daniel Zellhuber,Daniel Zellhuber,-146
2024-12-14,UFC Fight Night: Covington vs. Buckley,Michael Johnson vs. Ottman Azaitar,Michael Johnson,-156
2024-12-14,UFC Fight Night: Covington vs. Buckley,Michael Johnson vs. Ottman Azaitar,Ottman Azaitar,156
2025-04-26,UFC Fight Night: Machado Garry vs. Prates,Michel Pereira vs. Abus Magomedov,Michel Pereira,-154
2025-04-26,UFC Fight Night: Machado Garry vs. Prates,Michel Pereira vs. Abus Magomedov,Abus Magomedov,154
2025-08-23,UFC Fight Night: Walker vs. Zhang,Michel Pereira vs. Kyle Daukaus,Michel Pereira,-253
2025-08-23,UFC Fight Night: Walker vs. Zhang,Michel Pereira vs. Kyle Daukaus,Kyle Daukaus,253
2024-11-16,UFC 309: Jones vs. Miocic,Mickey Gall vs. Ramiz Brahimaj,Mickey Gall,135
2024-11-16,UFC 309: Jones vs. Miocic,Mickey Gall vs. Ramiz Brahimaj,Ramiz Brahimaj,-135
2025-05-10,UFC 315: Muhammad vs. Della Maddalena,Mike Malott vs. Charles Radtke,Mike Malott,-112
2025-05-10,UFC 315: Muhammad vs. Della Maddalena,Mike Malott vs. Charles Radtke,Charles Radtke,112
2024-11-02,UFC Fight Night: Moreno vs. Albazi,Mike Malott vs. Trevin Giles,Mike Malott,-101
2024-11-02,UFC Fight Night: Moreno vs. Albazi,Mike Malott vs. Trevin Giles,Trevin Giles,101
2024-12-14,UFC Fight Night: Covington vs. Buckley,Miles Johns vs. Felipe Lima,Miles Johns,124
2024-12-14,UFC Fight Night: Covington vs. Buckley,Miles Johns vs. Felipe Lima,Felipe Lima,-124
2025-08-09,UFC Fight Night: Dolidze vs. Hernandez,Miles Johns vs. Jean Matsumoto,Miles Johns,148
2025-08-09,UFC Fight Night: Dolidze vs. Hernandez,Miles Johns vs. Jean Matsumoto,Jean Matsumoto,-148
2025-07-12,UFC Fight Night: Lewis vs. Teixeira,Mitch Ramirez vs. Mike Davis,Mitch Ramirez,191
2025-07-12,UFC Fight Night: Lewis vs. Teixeira,Mitch Ramirez vs. Mike Davis,Mike Davis,-191
2025-05-10,UFC 315: Muhammad vs. Della Maddalena,Modestas Bukauskas vs. Ion Cutelaba,Modestas Bukauskas,118
2025-05-10,UFC 315: Muhammad vs. Della Maddalena,Modestas Bukauskas vs. Ion Cutelaba,Ion Cutelaba,-118
2025-09-06,UFC Fight Night: Imavov vs. Borralho,Modestas Bukauskas vs. Paul Craig,Modestas Bukauskas,-200
2025-09-06,UFC Fight Night: Imavov vs. Borralho,Modestas Bukauskas vs. Paul Craig,Paul Craig,200
2025-02-22,UFC Fight Night: Cejudo vs. Song,Modestas Bukauskas vs. Rafael Cerqueira,Modestas Bukauskas,-223
2025-02-22,UFC Fight Night: Cejudo vs. Song,Modestas Bukauskas vs. Rafael Cerqueira,Rafael Cerqueira,223
2025-07-26,UFC Fight Night: Whittaker vs. De Ridder,Mohammad Yahya vs. Steven Nguyen,Mohammad Yahya,122
2025-07-26,UFC Fight Night: Whittaker vs. De Ridder,Mohammad Yahya vs. Steven Nguyen,Steven Nguyen,-122
2025-05-03,UFC Fight Night: Sandhagen vs. Figueiredo,Montel Jackson vs. Daniel Marcos,Montel Jackson,-329
2025-05-03,UFC Fight Night: Sandhagen vs. Figueiredo,Montel Jackson vs. Daniel Marcos,Daniel Marcos,329
2024-09-28,UFC Fight Night: Moicano vs. Saint Denis,Morgan Charriere vs. Gabriel Miranda,Morgan Charriere,-182
2024-09-28,UFC Fight Night: Moicano vs. Saint Denis,Morgan Charriere vs. Gabriel Miranda,Gabriel Miranda,182
2025-06-21,UFC Fight Night: Hill vs. Rountree Jr.,Muhammad Naimov vs. Bogdan Grad,Muhammad Naimov,134
2025-06-21,UFC Fight Night: Hill vs. Rountree Jr.,Muhammad Naimov vs. Bogdan Grad,Bogdan Grad,-134
2025-02-01,UFC Fight Night: Adesanya vs. Imavov,Muhammad Naimov vs. Kaan Ofli,Muhammad Naimov,-136
2025-02-01,UFC Fight Night: Adesanya vs. Imavov,Muhammad Naimov vs. Kaan Ofli,Kaan Ofli,136
2025-07-26,UFC Fight Night: Whittaker vs. De Ridder,Muslim Salikhov vs. Carlos Leal,Muslim Salikhov,141
2025-07-26,UFC Fight Night: Whittaker vs. De Ridder,Muslim Salikhov vs. Carlos Leal,Carlos Leal,-141
2025-03-01,UFC Fight Night: Kape vs. Almabayev,Nasrat Haqparast vs. Esteban Ribovics,Nasrat Haqparast,-117
2025-03-01,UFC Fight Night: Kape vs. Almabayev,Nasrat Haqparast vs. Esteban Ribovics,Esteban Ribovics,117
2024-09-28,UFC Fight Night: Moicano vs. Saint Denis,Nassourdine Imavov vs. Brendan Allen,Nassourdine Imavov,133
2024-09-28,UFC Fight Night: Moicano vs. Saint Denis,Nassourdine Imavov vs. Brendan Allen,Brendan Allen,-133
2025-09-06,UFC Fight Night: Imavov vs. Borralho,Nassourdine Imavov vs. Caio Borralho,Nassourdine Imavov,107
2025-09-06,UFC Fight Night: Imavov vs. Borralho,Nassourdine Imavov vs. Caio Borralho,Caio Borralho,-107
2024-12-07,UFC 310: Pantoja vs. Asakura,Nate Landwehr vs. Dooho Choi,Nate Landwehr,-106
2024-12-07,UFC 310: Pantoja vs. Asakura,Nate Landwehr vs. Dooho Choi,Dooho Choi,106
2025-07-12,UFC Fight Night: Lewis vs. Teixeira,Nate Landwehr vs. Morgan Charriere,Nate Landwehr,203
2025-07-12,UFC Fight Night: Lewis vs. Teixeira,Nate Landwehr vs. Morgan Charriere,Morgan Charriere,-203
2025-03-22,UFC Fight Night: Edwards vs. Brady,Nathan Fletcher vs. Caolan Loughran,Nathan Fletcher,-220
2025-03-22,UFC Fight Night: Edwards vs. Brady,Nathan Fletcher vs. Caolan Loughran,Caolan Loughran,220
2025-03-22,UFC Fight Night: Edwards vs. Brady,Nathaniel Wood vs. Morgan Charriere,Nathaniel Wood,114
2025-03-22,UFC Fight Night: Edwards vs. Brady,Nathaniel Wood vs. Morgan Charriere,Morgan Charriere,-114
2025-05-10,UFC 315: Muhammad vs. Della Maddalena,Navajo Stirling vs. Ivan Erslan,Navajo Stirling,-169
2025-05-10,UFC 315: Muhammad vs. Della Maddalena,Navajo Stirling vs. Ivan Erslan,Ivan Erslan,169
2025-06-21,UFC Fight Night: Hill vs. Rountree Jr.,Nazim Sadykhov vs. Nikolas Motta,Nazim Sadykhov,124
2025-06-21,UFC Fight Night: Hill vs. Rountree Jr.,Nazim Sadykhov vs. Nikolas Motta,Nikolas Motta,-124
2024-11-09,UFC Fight Night: Magny vs. Prates,Neil Magny vs. Carlos Prates,Neil Magny,154
2024-11-09,UFC Fight Night: Magny vs. Prates,Neil Magny vs. Carlos Prates,Carlos Prates,-154
2025-08-02,UFC Fight Night: Taira vs. Park,Neil Magny vs. Elizeu Zaleski dos Santos,Neil Magny,103
2025-08-02,UFC Fight Night: Taira vs. Park,Neil Magny vs. Elizeu Zaleski dos Santos,Elizeu Zaleski dos Santos,-103
2025-08-02,UFC Fight Night: Taira vs. Park,Nick Klein vs. Andrey Pulyaev,Nick Klein,109
2025-08-02,UFC Fight Night: Taira vs. Park,Nick Klein vs. Andrey Pulyaev,Andrey Pulyaev,-109
2025-07-26,UFC Fight Night: Whittaker vs. De Ridder,Nikita Krylov vs. Bogdan Guskov,Nikita Krylov,-154
2025-07-26,UFC Fight Night: Whittaker vs. De Ridder,Nikita Krylov vs. Bogdan Guskov,Bogdan Guskov,154
2025-04-12,UFC 314: Volkanovski vs. Lopes,Nikita Krylov vs. Dominick Reyes,Nikita Krylov,-160
2025-04-12,UFC 314: Volkanovski vs. Lopes,Nikita Krylov vs. Dominick Reyes,Dominick Reyes,160
2025-06-28,UFC 317: Topuria vs. Oliveira,Niko Price vs. Jacobe Smith,Niko Price,214
2025-06-28,UFC 317: Topuria vs. Oliveira,Niko Price vs. Jacobe Smith,Jacobe Smith,-214
2025-01-11,UFC Fight Night: Dern vs. Ribas 2,Nurullo Aliev vs. Joe Solecki,Nurullo Aliev,-177
2025-01-11,UFC Fight Night: Dern vs. Ribas 2,Nurullo Aliev vs. Joe Solecki,Joe Solecki,177
2025-09-06,UFC Fight Night: Imavov vs. Borralho,Oumar Sy vs. Brendson Ribeiro,Oumar Sy,-301
2025-09-06,UFC Fight Night: Imavov vs. Borralho,Oumar Sy vs. Brendson Ribeiro,Brendson Ribeiro,301
2024-09-28,UFC Fight Night: Moicano vs. Saint Denis,Oumar Sy vs. Da Woon Jung,Oumar Sy,-152
2024-09-28,UFC Fight Night: Moicano vs. Saint Denis,Oumar Sy vs. Da Woon Jung,Da Woon Jung,152
2025-04-05,UFC Fight Night: Emmett vs. Murphy,Pat Sabatini vs. Joanderson Brito,Pat Sabatini,145
2025-04-05,UFC Fight Night: Emmett vs. Murphy,Pat Sabatini vs. Joanderson Brito,Joanderson Brito,-145
2025-07-19,UFC 318: Holloway vs. Poirier 3,Paulo Costa vs. Roman Kopylov,Paulo Costa,190
2025-07-19,UFC 318: Holloway vs. Poirier 3,Paulo Costa vs. Roman Kopylov,Roman Kopylov,-190
2025-06-28,UFC 317: Topuria vs. Oliveira,Payton Talbott vs. Felipe Lima,Payton Talbott,129
2025-06-28,UFC 317: Topuria vs. Oliveira,Payton Talbott vs. Felipe Lima,Felipe Lima,-129
2025-01-18,UFC 311: Makhachev vs. Moicano,Payton Talbott vs. Raoni Barcelos,Payton Talbott,-354
2025-01-18,UFC 311: Makhachev vs. Moicano,Payton Talbott vs. Raoni Barcelos,Raoni Barcelos,354
2024-11-23,UFC Fight Night: Yan vs. Figueiredo,Petr Yan vs. Deiveson Figueiredo,Petr Yan,-171
2024-11-23,UFC Fight Night: Yan vs. Figueiredo,Petr Yan vs. Deiveson Figueiredo,Deiveson Figueiredo,171
2025-07-26,UFC Fight Night: Whittaker vs. De Ridder,Petr Yan vs. Marcus McGhee,Petr Yan,-122
2025-07-26,UFC Fight Night: Whittaker vs. De Ridder,Petr Yan vs. Marcus McGhee,Marcus McGhee,122
2025-06-14,UFC Fight Night: Usman vs. Buckley,Phil Rowe vs. Ange Loosa,Phil Rowe,-102
2025-06-14,UFC Fight Night: Usman vs. Buckley,Phil Rowe vs. Ange Loosa,Ange Loosa,102
2025-01-11,UFC Fight Night: Dern vs. Ribas 2,Punahele Soriano vs. Uros Medic,Punahele Soriano,155
2025-01-11,UFC Fight Night: Dern vs. Ribas 2,Punahele Soriano vs. Uros Medic,Uros Medic,-155
2025-06-07,UFC 316: Dvalishvili vs. O'Malley 2,Quillan Salkilld vs. Yanal Ashmouz,Quillan Salkilld,-252
2025-06-07,UFC 316: Dvalishvili vs. O'Malley 2,Quillan Salkilld vs. Yanal Ashmouz,Yanal Ashmouz,252
2025-09-13,UFC Fight Night: Lopes vs. Silva,Rafa Garcia vs. Jared Gordon,Rafa Garcia,-117
2025-09-13,UFC Fight Night: Lopes vs. Silva,Rafa Garcia vs. Jared Gordon,Jared Gordon,117
2025-03-29,UFC Fight Night: Moreno vs. Erceg,Rafa Garcia vs. Vinc Pichel,Rafa Garcia,-185
2025-03-29,UFC Fight Night: Moreno vs. Erceg,Rafa Garcia vs. Vinc Pichel,Vinc Pichel,185
2025-08-02,UFC Fight Night: Taira vs. Park,Rafael Estevam vs. Felipe Bunes,Rafael Estevam,-210
2025-08-02,UFC Fight Night: Taira vs. Park,Rafael Estevam vs. Felipe Bunes,Felipe Bunes,210
2025-02-15,UFC Fight Night: Cannonier vs. Rodrigues,Rafael Estevam vs. Jesus Aguilar,Rafael Estevam,143
2025-02-15,UFC Fight Night: Cannonier vs. Rodrigues,Rafael Estevam vs. Jesus Aguilar,Jesus Aguilar,-143
2025-06-21,UFC Fight Night: Hill vs. Rountree Jr.,Rafael Fiziev vs. Ignacio Bahamondes,Rafael Fiziev,216
2025-06-21,UFC Fight Night: Hill vs. Rountree Jr.,Rafael Fiziev vs. Ignacio Bahamondes,Ignacio Bahamondes,-216
2024-12-07,UFC 310: Pantoja vs. Asakura,Randy Brown vs. Bryan Battle,Randy Brown,-118
2024-12-07,UFC 310: Pantoja vs. Asakura,Randy Brown vs. Bryan Battle,Bryan Battle,118
2025-04-26,UFC Fight Night: Machado Garry vs. Prates,Randy Brown vs. Nicolas Dalby,Randy Brown,-258
2025-04-26,UFC Fight Night: Machado Garry vs. Prates,Randy Brown vs. Nicolas Dalby,Nicolas Dalby,258
2024-09-14,UFC 306: Riyadh Season Noche UFC,Raul Rosas Jr. vs. Aoriqileng,Raul Rosas Jr.,-307
2024-09-14,UFC 306: Riyadh Season Noche UFC,Raul Rosas Jr. vs. Aoriqileng,Aoriqileng,307
2025-03-29,UFC Fight Night: Moreno vs. Erceg,Raul Rosas Jr. vs. Vince Morales,Raul Rosas Jr.,-636
2025-03-29,UFC Fight Night: Moreno vs. Erceg,Raul Rosas Jr. vs. Vince Morales,Vince Morales,636
2025-05-03,UFC Fight Night: Sandhagen vs. Figueiredo,Reinier de Ridder vs. Bo Nickal,Reinier de Ridder,126
2025-05-03,UFC Fight Night: Sandhagen vs. Figueiredo,Reinier de Ridder vs. Bo Nickal,Bo Nickal,-126
2024-09-28,UFC Fight Night: Moicano vs. Saint Denis,Renato Moicano vs. Benoit Saint Denis,Renato Moicano,202
2024-09-28,UFC Fight Night: Moicano vs. Saint Denis,Renato Moicano vs. Benoit Saint Denis,Benoit Saint Denis,-202
2025-03-01,UFC Fight Night: Kape vs. Almabayev,Ricardo Ramos vs. Chepe Mariscal,Ricardo Ramos,266
2025-03-01,UFC Fight Night: Kape vs. Almabayev,Ricardo Ramos vs. Chepe Mariscal,Chepe Mariscal,-266
2025-06-14,UFC Fight Night: Usman vs. Buckley,Ricky Simon vs. Cameron Smotherman,Ricky Simon,-105
2025-06-14,UFC Fight Night: Usman vs. Buckley,Ricky Simon vs. Cameron Smotherman,Cameron Smotherman,105
2025-02-22,UFC Fight Night: Cejudo vs. Song,Ricky Simon vs. Javid Basharat,Ricky Simon,-118
2025-02-22,UFC Fight Night: Cejudo vs. Song,Ricky Simon vs. Javid Basharat,Javid Basharat,118
2025-01-18,UFC 311: Makhachev vs. Moicano,Ricky Turcios vs. Benardo Sopaj,Ricky Turcios,144
2025-01-18,UFC 311: Makhachev vs. Moicano,Ricky Turcios vs. Benardo Sopaj,Benardo Sopaj,-144
2025-01-18,UFC 311: Makhachev vs. Moicano,Rinya Nakamura vs. Muin Gafurov,Rinya Nakamura,-165
2025-01-18,UFC 311: Makhachev vs. Moicano,Rinya Nakamura vs. Muin Gafurov,Muin Gafurov,165
2025-08-02,UFC Fight Night: Taira vs. Park,Rinya Nakamura vs. Nathan Fletcher,Rinya Nakamura,143
2025-08-02,UFC Fight Night: Taira vs. Park,Rinya Nakamura vs. Nathan Fletcher,Nathan Fletcher,-143
2025-09-13,UFC Fight Night: Lopes vs. Silva,Rob Font vs. David Martinez,Rob Font,100
2025-09-13,UFC Fight Night: Lopes vs. Silva,Rob Font vs. David Martinez,David Martinez,-100
2025-02-22,UFC Fight Night: Cejudo vs. Song,Rob Font vs. Jean Matsumoto,Rob Font,101
2025-02-22,UFC Fight Night: Cejudo vs. Song,Rob Font vs. Jean Matsumoto,Jean Matsumoto,-101
2024-10-19,UFC Fight Night: Hernandez vs. Pereira,Rob Font vs. Kyler Phillips,Rob Font,222
2024-10-19,UFC Fight Night: Hernandez vs. Pereira,Rob Font vs. Kyler Phillips,Kyler Phillips,-222
2024-10-26,UFC 308: Topuria vs. Holloway,Robert Whittaker vs. Khamzat Chimaev,Robert Whittaker,127
2024-10-26,UFC 308: Topuria vs. Holloway,Robert Whittaker vs. Khamzat Chimaev,Khamzat Chimaev,-127
2025-07-26,UFC Fight Night: Whittaker vs. De Ridder,Robert Whittaker vs. Reinier de Ridder,Robert Whittaker,116
2025-07-26,UFC Fight Night: Whittaker vs. De Ridder,Robert Whittaker vs. Reinier de Ridder,Reinier de Ridder,-116
2025-02-15,UFC Fight Night: Cannonier vs. Rodrigues,Rodolfo Vieira vs. Andre Petroski,Rodolfo Vieira,196
2025-02-15,UFC Fight Night: Cannonier vs. Rodrigues,Rodolfo Vieira vs. Andre Petroski,Andre Petroski,-196
2025-08-02,UFC Fight Night: Taira vs. Park,Rodolfo Vieira vs. Tresean Gore,Rodolfo Vieira,-105
2025-08-02,UFC Fight Night: Taira vs. Park,Rodolfo Vieira vs. Tresean Gore,Tresean Gore,105
2025-08-09,UFC Fight Night: Dolidze vs. Hernandez,Roman Dolidze vs. Anthony Hernandez,Roman Dolidze,294
2025-08-09,UFC Fight Night: Dolidze vs. Hernandez,Roman Dolidze vs. Anthony Hernandez,Anthony Hernandez,-294
2024-10-05,UFC 307: Pereira vs. Rountree Jr.,Roman Dolidze vs. Kevin Holland,Roman Dolidze,242
2024-10-05,UFC 307: Pereira vs. Rountree Jr.,Roman Dolidze vs. Kevin Holland,Kevin Holland,-242
2025-03-29,UFC Fight Night: Moreno vs. Erceg,Ronaldo Rodriguez vs. Kevin Borjas,Ronaldo Rodriguez,-135
2025-03-29,UFC Fight Night: Moreno vs. Erceg,Ronaldo Rodriguez vs. Kevin Borjas,Kevin Borjas,135
2024-09-14,UFC 306: Riyadh Season Noche UFC,Ronaldo Rodriguez vs. Ode Osbourne,Ronaldo Rodriguez,-120
2024-09-14,UFC 306: Riyadh Season Noche UFC,Ronaldo Rodriguez vs. Ode Osbourne,Ode Osbourne,120
2025-08-23,UFC Fight Night: Walker vs. Zhang,Rongzhu vs. Austin Hubbard,Rongzhu,-287
2025-08-23,UFC Fight Night: Walker vs. Zhang,Rongzhu vs. Austin Hubbard,Austin Hubbard,287
2025-05-03,UFC Fight Night: Sandhagen vs. Figueiredo,Ryan Loder vs. Azamat Bekoev,Ryan Loder,120
2025-05-03,UFC Fight Night: Sandhagen vs. Figueiredo,Ryan Loder vs. Azamat Bekoev,Azamat Bekoev,-120
2025-07-19,UFC 318: Holloway vs. Poirier 3,Ryan Spann vs. Lukasz Brzeski,Ryan Spann,-102
2025-07-19,UFC 318: Holloway vs. Poirier 3,Ryan Spann vs. Lukasz Brzeski,Lukasz Brzeski,102
2024-10-05,UFC 307: Pereira vs. Rountree Jr.,Ryan Spann vs. Ovince Saint Preux,Ryan Spann,-206
2024-10-05,UFC 307: Pereira vs. Rountree Jr.,Ryan Spann vs. Ovince Saint Preux,Ovince Saint Preux,206
2025-02-01,UFC Fight Night: Adesanya vs. Imavov,Said Nurmagomedov vs. Vinicius Oliveira,Said Nurmagomedov,100
2025-02-01,UFC Fight Night: Adesanya vs. Imavov,Said Nurmagomedov vs. Vinicius Oliveira,Vinicius Oliveira,-100
2025-09-06,UFC Fight Night: Imavov vs. Borralho,Sam Patterson vs. Trey Waters,Sam Patterson,-131
2025-09-06,UFC Fight Night: Imavov vs. Borralho,Sam Patterson vs. Trey Waters,Trey Waters,131
2025-01-11,UFC Fight Night: Dern vs. Ribas 2,Santiago Ponzinibbio vs. Carlston Harris,Santiago Ponzinibbio,-103
2025-01-11,UFC Fight Night: Dern vs. Ribas 2,Santiago Ponzinibbio vs. Carlston Harris,Carlston Harris,103
2025-05-03,UFC Fight Night: Sandhagen vs. Figueiredo,Santiago Ponzinibbio vs. Daniel Rodriguez,Santiago Ponzinibbio,103
2025-05-03,UFC Fight Night: Sandhagen vs. Figueiredo,Santiago Ponzinibbio vs. Daniel Rodriguez,Daniel Rodriguez,-103
2024-09-14,UFC 306: Riyadh Season Noche UFC,Sean O'Malley vs. Merab Dvalishvili,Sean O'Malley,146
2024-09-14,UFC 306: Riyadh Season Noche UFC,Sean O'Malley vs. Merab Dvalishvili,Merab Dvalishvili,-146
2024-12-14,UFC Fight Night: Covington vs. Buckley,Sean Woodson vs. Fernando Padilla,Sean Woodson,100
2024-12-14,UFC Fight Night: Covington vs. Buckley,Sean Woodson vs. Fernando Padilla,Fernando Padilla,-100
2025-04-12,UFC 314: Volkanovski vs. Lopes,Sedriques Dumas vs. Michal Oleksiejczuk,Sedriques Dumas,-155
2025-04-12,UFC 314: Volkanovski vs. Lopes,Sedriques Dumas vs. Michal Oleksiejczuk,Michal Oleksiejczuk,155
2025-02-01,UFC Fight Night: Adesanya vs. Imavov,Sergei Pavlovich vs. Jairzinho Rozenstruik,Sergei Pavlovich,-206
2025-02-01,UFC Fight Night: Adesanya vs. Imavov,Sergei Pavlovich vs. Jairzinho Rozenstruik,Jairzinho Rozenstruik,206
2025-08-23,UFC Fight Night: Walker vs. Zhang,Sergei Pavlovich vs. Waldo Cortes-Acosta,Sergei Pavlovich,-119
2025-08-23,UFC Fight Night: Walker vs. Zhang,Sergei Pavlovich vs. Waldo Cortes-Acosta,Waldo Cortes-Acosta,119
2025-06-07,UFC 316: Dvalishvili vs. O'Malley 2,Serghei Spivac vs. Waldo Cortes-Acosta,Serghei Spivac,-136
2025-06-07,UFC 316: Dvalishvili vs. O'Malley 2,Serghei Spivac vs. Waldo Cortes-Acosta,Waldo Cortes-Acosta,136
2024-11-02,UFC Fight Night: Moreno vs. Albazi,Serhiy Sidey vs. Garrett Armfield,Serhiy Sidey,126
2024-11-02,UFC Fight Night: Moreno vs. Albazi,Serhiy Sidey vs. Garrett Armfield,Garrett Armfield,-126
2025-02-01,UFC Fight Night: Adesanya vs. Imavov,Shamil Gaziev vs. Thomas Petersen,Shamil Gaziev,126
2025-02-01,UFC Fight Night: Adesanya vs. Imavov,Shamil Gaziev vs. Thomas Petersen,Thomas Petersen,-126
2024-10-26,UFC 308: Topuria vs. Holloway,Shara Magomedov vs. Armen Petrosyan,Shara Magomedov,-146
2024-10-26,UFC 308: Topuria vs. Holloway,Shara Magomedov vs. Armen Petrosyan,Armen Petrosyan,146
2025-07-26,UFC Fight Night: Whittaker vs. De Ridder,Shara Magomedov vs. Marc-Andre Barriault,Shara Magomedov,-164
2025-07-26,UFC Fight Night: Whittaker vs. De Ridder,Shara Magomedov vs. Marc-Andre Barriault,Marc-Andre Barriault,164
2025-02-01,UFC Fight Night: Adesanya vs. Imavov,Shara Magomedov vs. Michael Page,Shara Magomedov,101
2025-02-01,UFC Fight Night: Adesanya vs. Imavov,Shara Magomedov vs. Michael Page,Michael Page,-101
2024-12-07,UFC 310: Pantoja vs. Asakura,Shavkat Rakhmonov vs. Ian Machado Garry,Shavkat Rakhmonov,-110
2024-12-07,UFC 310: Pantoja vs. Asakura,Shavkat Rakhmonov vs. Ian Machado Garry,Ian Machado Garry,110
2025-05-17,UFC Fight Night: Burns vs. Morales,Sodiq Yusuff vs. Mairon Santos,Sodiq Yusuff,184
2025-05-17,UFC Fight Night: Burns vs. Morales,Sodiq Yusuff vs. Mairon Santos,Mairon Santos,-184
2024-11-23,UFC Fight Night: Yan vs. Figueiredo,Song Kenan vs. Muslim Salikhov,Song Kenan,110
2024-11-23,UFC Fight Night: Yan vs. Figueiredo,Song Kenan vs. Muslim Salikhov,Muslim Salikhov,-110
2025-07-12,UFC Fight Night: Lewis vs. Teixeira,Stephen Thompson vs. Gabriel Bonfim,Stephen Thompson,364
2025-07-12,UFC Fight Night: Lewis vs. Teixeira,Stephen Thompson vs. Gabriel Bonfim,Gabriel Bonfim,-364
2024-10-05,UFC 307: Pereira vs. Rountree Jr.,Stephen Thompson vs. Joaquin Buckley,Stephen Thompson,346
2024-10-05,UFC 307: Pereira vs. Rountree Jr.,Stephen Thompson vs. Joaquin Buckley,Joaquin Buckley,-346
2025-08-09,UFC Fight Night: Dolidze vs. Hernandez,Steve Erceg vs. Ode Osbourne,Steve Erceg,-157
2025-08-09,UFC Fight Night: Dolidze vs. Hernandez,Steve Erceg vs. Ode Osbourne,Ode Osbourne,157
2025-03-15,UFC Fight Night: Vettori vs. Dolidze 2,SuYoung You vs. AJ Cunningham,SuYoung You,-322
2025-03-15,UFC Fight Night: Vettori vs. Dolidze 2,SuYoung You vs. AJ Cunningham,AJ Cunningham,322
2025-08-23,UFC Fight Night: Walker vs. Zhang,Sumudaerji vs. Kevin Borjas,Sumudaerji,-110
2025-08-23,UFC Fight Night: Walker vs. Zhang,Sumudaerji vs. Kevin Borjas,Kevin Borjas,110
2025-04-12,UFC 314: Volkanovski vs. Lopes,Sumudaerji vs. Mitch Raposo,Sumudaerji,-139
2025-04-12,UFC 314: Volkanovski vs. Lopes,Sumudaerji vs. Mitch Raposo,Mitch Raposo,139
2025-06-21,UFC Fight Night: Hill vs. Rountree Jr.,Tagir Ulanbekov vs. Azat Maksum,Tagir Ulanbekov,-122
2025-06-21,UFC Fight Night: Hill vs. Rountree Jr.,Tagir Ulanbekov vs. Azat Maksum,Azat Maksum,122
2025-01-18,UFC 311: Makhachev vs. Moicano,Tagir Ulanbekov vs. Clayton Carpenter,Tagir Ulanbekov,144
2025-01-18,UFC 311: Makhachev vs. Moicano,Tagir Ulanbekov vs. Clayton Carpenter,Clayton Carpenter,-144
2025-08-02,UFC Fight Night: Taira vs. Park,Tatsuro Taira vs. HyunSung Park,Tatsuro Taira,-144
2025-08-02,UFC Fight Night: Taira vs. Park,Tatsuro Taira vs. HyunSung Park,HyunSung Park,144
2024-09-28,UFC Fight Night: Moicano vs. Saint Denis,Taylor Lapilus vs. Vince Morales,Taylor Lapilus,-215
2024-09-28,UFC Fight Night: Moicano vs. Saint Denis,Taylor Lapilus vs. Vince Morales,Vince Morales,215
2025-02-01,UFC Fight Night: Adesanya vs. Imavov,Terrance McKinney vs. Damir Hadzovic,Terrance McKinney,-717
2025-02-01,UFC Fight Night: Adesanya vs. Imavov,Terrance McKinney vs. Damir Hadzovic,Damir Hadzovic,717
2025-06-28,UFC 317: Topuria vs. Oliveira,Terrance McKinney vs. Viacheslav Borshchev,Terrance McKinney,-289
2025-06-28,UFC 317: Topuria vs. Oliveira,Terrance McKinney vs. Viacheslav Borshchev,Viacheslav Borshchev,289
2024-10-12,UFC Fight Night: Royval vs. Taira,Themba Gorimbo vs. Niko Price,Themba Gorimbo,-312
2024-10-12,UFC Fight Night: Royval vs. Taira,Themba Gorimbo vs. Niko Price,Niko Price,312
2025-01-11,UFC Fight Night: Dern vs. Ribas 2,Thiago Moises vs. Trey Ogden,Thiago Moises,-116
2025-01-11,UFC Fight Night: Dern vs. Ribas 2,Thiago Moises vs. Trey Ogden,Trey Ogden,116
2025-05-03,UFC Fight Night: Sandhagen vs. Figueiredo,Thomas Petersen vs. Don'Tale Mayes,Thomas Petersen,-184
2025-05-03,UFC Fight Night: Sandhagen vs. Figueiredo,Thomas Petersen vs. Don'Tale Mayes,Don'Tale Mayes,184
2025-08-16,UFC 319: Du Plessis vs. Chimaev,Tim Elliott vs. Kai Asakura,Tim Elliott,-110
2025-08-16,UFC 319: Du Plessis vs. Chimaev,Tim Elliott vs. Kai Asakura,Kai Asakura,110
2025-04-26,UFC Fight Night: Machado Garry vs. Prates,Timmy Cuamba vs. Roberto Romero,Timmy Cuamba,-113
2025-04-26,UFC Fight Night: Machado Garry vs. Prates,Timmy Cuamba vs. Roberto Romero,Roberto Romero,113
2025-02-08,UFC 312: Du Plessis vs. Strickland 2,Tom Nolan vs. Viacheslav Borshchev,Tom Nolan,-177
2025-02-08,UFC 312: Du Plessis vs. Strickland 2,Tom Nolan vs. Viacheslav Borshchev,Viacheslav Borshchev,177
2024-11-09,UFC Fight Night: Magny vs. Prates,Tresean Gore vs. Antonio Trocoli,Tresean Gore,-156
2024-11-09,UFC Fight Night: Magny vs. Prates,Tresean Gore vs. Antonio Trocoli,Antonio Trocoli,156
2025-04-12,UFC 314: Volkanovski vs. Lopes,Tresean Gore vs. Marco Tulio,Tresean Gore,162
2025-04-12,UFC 314: Volkanovski vs. Lopes,Tresean Gore vs. Marco Tulio,Marco Tulio,-162
2025-08-23,UFC Fight Night: Walker vs. Zhang,Uran Satybaldiev vs. Diyar Nurgozhay,Uran Satybaldiev,138
2025-08-23,UFC Fight Night: Walker vs. Zhang,Uran Satybaldiev vs. Diyar Nurgozhay,Diyar Nurgozhay,-138
2025-08-09,UFC Fight Night: Dolidze vs. Hernandez,Uros Medic vs. Gilbert Urbina,Uros Medic,-112
2025-08-09,UFC Fight Night: Dolidze vs. Hernandez,Uros Medic vs. Gilbert Urbina,Gilbert Urbina,112
2025-06-07,UFC 316: Dvalishvili vs. O'Malley 2,Vicente Luque vs. Kevin Holland,Vicente Luque,-106
2025-06-07,UFC 316: Dvalishvili vs. O'Malley 2,Vicente Luque vs. Kevin Holland,Kevin Holland,106
2024-12-07,UFC 310: Pantoja vs. Asakura,Vicente Luque vs. Themba Gorimbo,Vicente Luque,101
2024-12-07,UFC 310: Pantoja vs. Asakura,Vicente Luque vs. Themba Gorimbo,Themba Gorimbo,-101
2025-04-05,UFC Fight Night: Emmett vs. Murphy,Victor Henry vs. Pedro Falcao,Victor Henry,-107
2025-04-05,UFC Fight Night: Emmett vs. Murphy,Victor Henry vs. Pedro Falcao,Pedro Falcao,107
2025-07-12,UFC Fight Night: Lewis vs. Teixeira,Vitor Petrino vs. Austen Lane,Vitor Petrino,-182
2025-07-12,UFC Fight Night: Lewis vs. Teixeira,Vitor Petrino vs. Austen Lane,Austen Lane,182
2024-12-14,UFC Fight Night: Covington vs. Buckley,Vitor Petrino vs. Dustin Jacoby,Vitor Petrino,-127
2024-12-14,UFC Fight Night: Covington vs. Buckley,Vitor Petrino vs. Dustin Jacoby,Dustin Jacoby,127
2024-11-23,UFC Fight Night: Yan vs. Figueiredo,Volkan Oezdemir vs. Carlos Ulberg,Volkan Oezdemir,257
2024-11-23,UFC Fight Night: Yan vs. Figueiredo,Volkan Oezdemir vs. Carlos Ulberg,Carlos Ulberg,-257
2025-03-15,UFC Fight Night: Vettori vs. Dolidze 2,Waldo Cortes-Acosta vs. Ryan Spann,Waldo Cortes-Acosta,-136
2025-03-15,UFC Fight Night: Vettori vs. Dolidze 2,Waldo Cortes-Acosta vs. Ryan Spann,Ryan Spann,136
2024-09-28,UFC Fight Night: Moicano vs. Saint Denis,William Gomis vs. Joanderson Brito,William Gomis,-105
2024-09-28,UFC Fight Night: Moicano vs. Saint Denis,William Gomis vs. Joanderson Brito,Joanderson Brito,105
2024-11-23,UFC Fight Night: Yan vs. Figueiredo,Xiao Long vs. Quang Le,Xiao Long,-193
2024-11-23,UFC Fight Night: Yan vs. Figueiredo,Xiao Long vs. Quang Le,Quang Le,193
2025-08-23,UFC Fight Night: Walker vs. Zhang,Xiao Long vs. SuYoung You,Xiao Long,150
2025-08-23,UFC Fight Night: Walker vs. Zhang,Xiao Long vs. SuYoung You,SuYoung You,-150
2025-08-23,UFC Fight Night: Walker vs. Zhang,Yizha vs. Westin Wilson,Yizha,-188
2025-08-23,UFC Fight Night: Walker vs. Zhang,Yizha vs. Westin Wilson,Westin Wilson,188
2025-05-31,UFC Fight Night: Blanchfield vs. Barber,Zachary Reese vs. Dusko Todorovic,Zachary Reese,-176
2025-05-31,UFC Fight Night: Blanchfield vs. Barber,Zachary Reese vs. Dusko Todorovic,Dusko Todorovic,176
